1.3350344365120481 0.20509803449059216
0 1
1.5227977853168926 1.30762828315595
1 0
1.1029430402312883 0.354148865525723
0 1
1.9737487175271733 0.7829751478993199
0 1
0.04878583444938078 3.690348892995167
0 1
0.006028685888604723 2.187051218379427
0 1
3.629404357139089 1.998944979508082
0 1
1.742032489717472 1.9949224627794115
1 0
1.8788446099081053 0.13569894367926505
0 1
3.752278240270875 1.878834271428064
0 1
0.3432542487745769 3.54586209985133
0 1
1.7714155140444126 3.3329003585001375
0 1
2.3263782059287066 2.2600079327263667
1 0
0.9028268008252738 1.768862610448037
1 0
1.0921686735362273 0.24659289601981138
0 1
0.7672664687332342 0.6308101337448133
0 1
3.8968431888611876 3.177099347792516
0 1
3.1849181577209738 2.831219019675269
0 1
0.144751889647873 0.9909134103185928
0 1
3.7208580328544634 2.204777594002851
0 1
2.168809956840312 0.0913526434326335
0 1
3.406125685470554 3.0535661026114793
0 1
0.1457975224620922 1.8177513843924133
0 1
3.0105153092522015 2.335219292340918
0 1
0.46192854675390915 3.451993291778747
0 1
0.09465769986790074 1.3698022874039495
0 1
2.5706842846674407 0.9765962671984729
0 1
2.547277578881353 2.6782765862577493
0 1
2.46528201256726 2.2423826640339986
1 0
1.990545218968681 3.525854082403735
0 1
2.8047556420863198 2.449243647402835
0 1
2.134172734079326 3.9150945672286097
0 1
2.980603139137558 2.0311029580799165
0 1
2.9536758440034077 1.9842572214620025
0 1
0.44987567758130265 3.350426258804712
0 1
1.678090664741775 0.581553433158716
0 1
1.9824277307902203 1.5603156545837664
1 0
0.23201865081437179 1.6757727993007725
0 1
3.6763732985012263 0.35837714611470783
0 1
1.1986896617825344 0.8421402881977555
0 1
2.411057827461765 1.6960561240334862
1 0
1.5427764667282817 3.6526402585350315
0 1
0.12467575937959063 2.337462153502739
0 1
3.0724419862574672 2.1716731971920478
0 1
0.7613537080241048 2.778949561668451
0 1
0.31523043749883195 1.1132915716023772
0 1
0.18679664100536497 0.3869522730477377
0 1
3.4849269773385516 3.7076201402315503
0 1
3.8250400862513416 3.5038165766360563
0 1
3.9496002603444893 3.0107794481552492
0 1
0.3578754767426666 2.977127547607342
0 1
1.8955426219274583 0.36779734013471543
0 1
3.4022670567782907 0.13554181852913016
0 1
1.3483610220241218 3.194500978183287
0 1
2.0806914688539755 3.630499660898452
0 1
3.3618038612698884 3.185729480296259
0 1
0.2466329959064213 3.860806403255864
0 1
1.7383742571979242 2.528745565834858
1 0
3.7908231237320402 2.788060207810075
0 1
3.478126105740978 2.8011112387818504
0 1
1.1161859795850786 0.2584324901750503
0 1
3.5138021010920495 3.54657838580872
0 1
2.1202539983875455 2.5330230115267294
1 0
1.9536541119373738 2.1624508588753875
1 0
0.8070614283584177 3.703770867438005
0 1
3.008067381385288 1.2515877488712337
0 1
2.879788117217258 1.5078727648604429
0 1
0.6328802740157564 2.6690010244765516
0 1
0.617347544155928 3.60564343892943
0 1
3.4918492762043574 3.589684530439187
0 1
2.8597622395501965 1.895503304874977
0 1
0.6125914026107853 3.4287477011495575
0 1
0.5293139654680044 0.3041324047724401
0 1
0.009634327049899305 2.5244935335242236
0 1
1.6459381659515206 2.515356595978943
1 0
0.07693482922008199 1.0861531532402768
0 1
2.711651184786762 2.6380333741854853
0 1
1.122157859201892 2.063656328868299
1 0
1.7161646499429253 0.10555814290232135
0 1
3.870742272200053 2.7096607934815418
0 1
2.688739066199064 0.908579793247942
0 1
2.150331158070216 1.3241446171389066
1 0
1.3723175599981894 2.465384453068506
1 0
3.0367913774613053 3.36239112971863
0 1
2.9017345557035266 3.4947859926904123
0 1
3.48907052829179 1.897573377482801
0 1
2.599417207801824 1.0932197547933353
0 1
1.0894431457234082 3.681069806409879
0 1
2.1213062453573244 2.9932596741801825
0 1
3.7012811284920506 2.680623190295055
0 1
3.868423006934481 1.1580972605025681
0 1
3.2321218385115875 2.353888911515833
0 1
0.9754534795703038 1.5248910917580423
1 0
0.41179652782688025 0.0916483486164017
0 1
0.9439935121156919 1.8478417041849697
1 0
3.007844712975992 0.5855242720953986
0 1
2.262474044667899 3.7556675480549417
0 1
1.4788899273204286 0.5370539915498429
0 1
2.448018710506187 2.975863289719448
0 1
3.6874525841717563 2.29967738546679
0 1
0.7298949198598796 1.7607541826547823
1 0
1.6621998543773144 2.738563627911907
1 0
1.3661612552927145 0.532659124946572
0 1
2.921143729721033 1.575432789306427
0 1
3.740039456417666 1.9207029418596888
0 1
3.9897499443642253 1.7253164374016605
0 1
2.8479754459657887 1.7957815328604623
0 1
1.8094089871466816 2.0536825344256657
1 0
2.0283858786680855 0.6866219295352058
0 1
3.8156884699549765 2.2681456436846448
0 1
0.6083340576559393 1.3762964966213866
0 1
1.356819256381605 2.6806589343564027
1 0
0.6852610034072004 3.5452136457527827
0 1
3.057290511004141 0.40337896165999876
0 1
3.36242501111669 3.818525536450923
0 1
1.0742414066428583 0.26793809352465203
0 1
3.8547365217546177 1.7876689670020562
0 1
2.8605315351119973 0.5937164558810197
0 1
1.0475238729171106 2.1585940999931594
1 0
3.619252901967821 2.9205757349203547
0 1
1.9340965163222088 2.69580255246781
1 0
2.924138044769407 3.5432974611563988
0 1
2.713261274025474 0.8772606387697959
0 1
1.931430940507787 2.509063857280461
1 0
1.5341271340450606 1.6651464704772772
1 0
3.7280336233023803 0.9697258247370981
0 1
3.740092344715688 2.710317650204242
0 1
3.4129313588768557 3.3724644305200853
0 1
1.4138031501450534 1.4782992920283649
1 0
1.025732035968867 0.6692929197079756
0 1
3.9841127444426356 1.9918388155405982
0 1
2.5273535805219733 1.8216498415731142
0 1
0.19608790375374419 2.6802366891706093
0 1
0.40500554965313773 2.1812651958881015
0 1
2.3448980579146603 0.8939389152355752
0 1
3.580898107766473 0.6011956779860643
0 1
0.13748419437152526 2.0100478993042725
0 1
3.52197701290878 2.3532878657439826
0 1
1.7737073710123754 3.4628369998376347
0 1
2.2665661011488845 2.3939545486803153
1 0
0.06682865457041443 1.652307955381188
0 1
0.37094990431354713 2.7439967138684733
0 1
0.03333788262175341 2.070245900544876
0 1
2.3210588232870224 1.9366925298601472
1 0
0.38876916631956293 3.1978346942705183
0 1
1.978635458261782 0.4191331915320009
0 1
1.4421176187863147 0.41998408490198136
0 1
0.8444071351382831 1.6484171387724813
1 0
1.3299728101598625 1.8645682458090804
1 0
0.05743296350995131 3.0355910561265014
0 1
2.197028524958639 0.6030396630307684
0 1
1.8997214265873903 0.9674365195131935
0 1
3.8811084691299573 2.10030107615867
0 1
0.7223068093281384 1.3856845553117605
1 0
3.678792981715188 1.0419880027925137
0 1
1.9688498206100022 0.34144388019339367
0 1
2.9094047359738915 0.6311431869517481
0 1
2.0544197456329254 2.222596691269622
1 0
2.747558102889516 0.8695913235385766
0 1
0.42776645639307365 1.2014085784392945
0 1
0.6793690352878867 3.348751268538185
0 1
2.6619872244828464 2.5975708391750505
0 1
3.0353831730871184 2.0757135185153386
0 1
3.123424496494287 0.7591175283655742
0 1
1.8822508504613977 0.5382718247572855
0 1
2.667349984239155 1.3216020345448807
0 1
2.929251239332683 0.9867023851181638
0 1
1.874494437827594 1.1069586745559432
1 0
3.5487425089322735 3.7409231718053224
0 1
3.8883732585130595 0.31388532939551217
0 1
0.3837948536107718 0.8416596016462043
0 1
2.6316336554861257 3.7114097894091578
0 1
1.7179687267561508 1.7732983061670544
1 0
0.20249415699312712 1.3391183548206427
0 1
3.1961993879051995 1.8582436000773952
0 1
0.7389256458102693 0.3953493211733292
0 1
3.8071813974152553 2.7456545563274903
0 1
3.428870426629136 2.415761885893505
0 1
2.067297853088832 3.962993120399792
0 1
0.25703178608097677 2.339164880158564
0 1
1.6935174718578692 3.931542322187619
0 1
3.4272272811028333 3.588963618559892
0 1
1.0106597665741504 3.8249389265369116
0 1
1.3666612782009393 2.333377225237465
1 0
3.7537167088261953 3.630902875851281
0 1
2.644446379767398 3.4869934442960058
0 1
1.7616473105979678 3.7188869394754893
0 1
3.2907571640627693 3.4961414439146883
0 1
0.0773643924518006 2.076071146923571
0 1
3.5179371144026463 2.1905322691775657
0 1
2.0187440331045043 3.3480032817005942
0 1
0.98858156257086 0.38637948540286216
0 1
3.745214680950899 3.10848463646387
0 1
3.0569032031517662 0.719925209213113
0 1
2.946839614984676 1.3724003418704798
0 1
0.7227579699932574 2.002798501635381
1 0
1.3363525043969773 1.02342563754936
1 0
2.153624044852016 3.038571108685941
0 1
0.8190955389198344 2.230665186203572
1 0
1.2922687925003653 1.5556607336966706
1 0
0.5114843052944535 3.0993090526004754
0 1
0.22552590037358744 1.1182628055504376
0 1
2.677574101657281 0.38012875816975944
0 1
3.553558225304494 3.828849790302712
0 1
3.42831805944842 2.138910370849079
0 1
0.9375082776500534 2.1577873494103392
1 0
2.2512763483288416 0.4625839602171391
0 1
3.3674424549133724 2.789790983181917
0 1
2.7497918858284938 1.4818262345657227
0 1
0.6049018766953989 0.27955360770696647
0 1
3.9845565991388208 3.992573275203154
0 1
2.8977404044060417 3.214507560109271
0 1
0.812932842247327 0.28065451607586356
0 1
3.68333531736971 1.156975703980219
0 1
2.8804080363822533 0.6009050325347749
0 1
2.6570554897071337 0.6312206922407353
0 1
3.6333422991990663 2.2873756183118545
0 1
2.6931416875951264 3.823316642106544
0 1
2.7453732654278906 2.284071559119658
0 1
0.1256787566767832 3.4351592463808167
0 1
2.3219001134724255 0.5943265794002235
0 1
0.5345795396070261 0.3316546465333614
0 1
0.7307529101530061 2.9609172308210137
0 1
2.8552716414717865 3.3370668892819557
0 1
0.28446651049241334 2.1118024131223416
0 1
0.4894201188492562 2.6895510774000586
0 1
0.1890015747110314 2.7378930883600874
0 1
1.9297899990848202 3.731651350008514
0 1
1.3946884208931212 0.001982248617112159
0 1
2.548983885273353 2.288715582342062
0 1
0.5703908582335164 3.1132170217204695
0 1
2.0020362901446687 0.9025187349434982
0 1
2.149697693952872 3.425227666484817
0 1
2.723024925381673 0.794529632308413
0 1
3.839771138124718 1.0476694214581084
0 1
1.3275932570229063 3.376680602179782
0 1
2.807771693236598 2.090924638690951
0 1
2.0091983571316985 1.4731013228528136
1 0
1.9768034834726014 0.06141546651338459
0 1
0.6408847865586496 0.7448816788389268
0 1
0.8218603375088893 1.7411815634766956
1 0
1.0124773124009545 2.02671699826277
1 0
0.6386278541270114 3.159046293552369
0 1
2.3699118983782896 2.933211263217376
0 1
2.186890378868275 1.1076685859979158
0 1
3.580371787343167 1.3871529081509055
0 1
2.1670200919609575 0.3980247360098055
0 1
2.4690756972920727 0.13158748519392915
0 1
3.247138181557195 3.241391053123994
0 1
1.8908979049584191 2.923773494819175
0 1
3.9218190723711706 1.6754142058800912
0 1
3.33658392398889 1.6256390961536837
0 1
3.9395881191212334 3.5327160010657144
0 1
2.975164262928206 0.6637464554917241
0 1
1.003021564650143 1.0372353523988211
0 1
0.5686924837606231 1.7281181430251729
1 0
2.6677326453870904 3.399281893029628
0 1
1.1997456268280833 1.995588973586453
1 0
2.975531247696176 2.6490575896497486
0 1
3.5007799818295964 2.636527645523391
0 1
0.4682772795903736 3.602731072632225
0 1
2.8574431377449234 2.4540436948414013
0 1
1.046728305370194 2.19726288825185
1 0
0.7862863391332731 3.3235451406551295
0 1
3.389047206002177 1.8183939730766467
0 1
3.528775370859024 0.6893862344118924
0 1
2.0907296405871953 2.7106670692272377
1 0
1.7840231543303737 3.439668924369805
0 1
1.45178695703637 1.9307193086591492
1 0
1.5352807938553696 0.8129009590398222
0 1
1.2271650199417472 3.7896771317172444
0 1
2.303474299448134 1.7899014334790895
1 0
2.8570812210940186 2.839860758468059
0 1
2.161182927188832 0.9799004205235864
0 1
0.7074283233810852 1.1741628734410936
0 1
3.046613450007223 3.8651117240415767
0 1
2.731680337366523 1.282874899053442
0 1
3.535587618464437 0.0097435346247563
0 1
2.5433390708710357 1.3873541354572358
0 1
2.2941447163292614 3.259473082837498
0 1
0.6568404746848815 2.225703476294741
1 0
1.814744218200142 2.9299717070979576
1 0
3.6076095438322717 2.8252602404648792
0 1
3.6509396249248343 1.016152061776035
0 1
0.9490956488271141 2.3803471425809213
1 0
1.6120890116224382 1.2088055840709875
1 0
0.3823474054488951 3.428690621232075
0 1
0.4253405086909723 2.074540682521139
0 1
2.809625273167442 0.07123967380599927
0 1
0.6173116602702011 3.101526375128532
0 1
3.3201580000355895 3.978264975162617
0 1
2.1201064793985074 1.547725775477065
1 0
1.2081416557589755 1.793920166412315
1 0
0.46243071113934686 0.16648259566079648
0 1
1.1264026195405132 1.0641349771064696
0 1
2.017405308857069 2.2919850954372403
1 0
2.4570615699194667 1.4427783546246618
0 1
0.4331199964900936 0.6386904842879191
0 1
2.2827207156005582 2.1337244798390023
1 0
3.863470663697237 2.4748033368839795
0 1
2.7821120418114336 2.2799657578475334
0 1
0.7415786793939825 3.188931807678984
0 1
0.048742087430036385 1.6630708504446599
0 1
1.3262672169216274 2.5342296626134213
1 0
1.7261094187712103 0.49998910531683993
0 1
2.366613411155511 0.20100287364495095
0 1
2.071989304855444 3.4484255082724897
0 1
2.3194949747895097 1.4631573123745492
1 0
0.1573958000159883 1.472090035936998
0 1
0.13656220789651163 1.2136882401308484
0 1
1.0893347080014202 2.4401235636024423
1 0
3.094065526288297 2.051671555923736
0 1
0.7161402800152037 3.5515214833153235
0 1
0.9077338990141866 0.7861932434595484
0 1
2.6347732441890295 1.8640707330729303
0 1
1.0326312628530077 1.8871617244228172
1 0
0.6806201969950414 1.7547520037623663
1 0
0.8104696561212443 0.6866607389619546
0 1
1.6341068895657958 1.4219196604559863
1 0
2.818962073977566 2.3263324758363977
0 1
1.5923816207759 2.037329772954848
1 0
1.2280243385331344 0.1489970446245601
0 1
2.310701549503354 0.7372176480550308
0 1
3.4162573297038166 0.8298862236411066
0 1
2.912510759588855 1.7971328473928567
0 1
2.898343659647466 0.1470132733019729
0 1
1.4654485648235123 3.5619709434641056
0 1
3.925370092802567 1.2051503349518051
0 1
2.83956939196343 3.3626479058894283
0 1
0.8182029657615884 1.2772418489946618
1 0
0.16019637582517054 1.2454232894622779
0 1
1.638701135264021 2.4820870032176674
1 0
0.09526089197553889 1.752219557378167
0 1
2.9414662758713397 1.9983014366462397
0 1
3.046265633699643 2.5860525258477627
0 1
3.8663283749945334 3.628336518626997
0 1
3.2709264263781943 3.4892642036802353
0 1
0.6327425512131146 0.5310046060720497
0 1
1.0897261808820184 1.3949752405675806
1 0
3.6478403312694767 1.1234877107985226
0 1
0.591424757148908 3.6487886850058917
0 1
3.4937674188701004 1.6548472682557769
0 1
2.308041068114444 1.229804951938068
0 1
2.8453514384201095 0.1815048339351617
0 1
0.16101516948960137 2.083233939687513
0 1
0.15050310516977028 3.4851385012372096
0 1
3.2151825010354798 3.0100213466446304
0 1
0.9940034742145967 0.19041378939492715
0 1
3.8947287598831903 2.3062059322073414
0 1
0.8965315293680902 0.3565369654026127
0 1
1.0198925493026674 2.2291741001536347
1 0
3.515570767968757 1.7885847833804576
0 1
1.7290121864191415 1.08673578415016
1 0
1.9022901133357415 1.8266849835326822
1 0
2.086468255069364 2.2712896309151773
1 0
3.400920367756319 2.6316762844674777
0 1
0.6268338027866065 2.4843704325080562
1 0
1.4430366757052675 0.07181727105413227
0 1
2.9414273430675273 0.4569453094816911
0 1
2.972311291974286 1.049900741487206
0 1
3.771250229241347 3.109080746763192
0 1
2.977256711371559 0.349712845074309
0 1
0.5789088649464382 3.05203662149197
0 1
1.3394810005060465 1.2109394273741936
1 0
0.5938019828439374 1.3001476376672731
0 1
0.2767593732663558 1.6340297452149364
0 1
2.3493942378038506 1.6690616058767827
1 0
0.15591876288010864 2.1405271266920813
0 1
1.9434949004483641 0.3422265304829133
0 1
2.4716277707057293 3.1119119020097825
0 1
0.016344976910995346 2.1778468040065793
0 1
0.5419751199235918 3.146393907850551
0 1
2.959814683616315 3.3236085301604237
0 1
1.601158633750806 0.9539409018178251
0 1
2.082663407119891 2.2081561024354186
1 0
2.269534952345609 2.8697634086845527
0 1
0.1625708130890371 2.322016124377626
0 1
0.25139511969733563 2.0350766371816595
0 1
0.5990688792900678 0.25374151117045285
0 1
3.633813753802103 0.0868268503907128
0 1
0.8556479463425486 1.944999570276694
1 0
3.0631370893222942 2.0796046218984365
0 1
1.6319189302020964 3.1845232186014623
0 1
0.3960315524447986 3.2358049104914093
0 1
3.0520999071898207 1.0768589721530426
0 1
1.1440390241696528 1.0231147721575633
0 1
1.051505056670599 2.3199303169251624
1 0
2.0196132851687194 1.5667197919508147
1 0
1.0975570918385356 2.747484865255345
1 0
3.2594586896510487 2.404121451370316
0 1
2.731045976294014 1.6058134103940627
0 1
3.703774247737949 3.5593231290953518
0 1
2.0678404221867823 0.13985633817022602
0 1
3.3973156652368424 2.3920243373930683
0 1
0.6405025447920965 1.3373982539820757
0 1
2.5068300496369473 0.5950982917442782
0 1
3.571078987516538 0.13199311809259706
0 1
1.5012473418881522 2.696972349998719
1 0
0.49392974439496795 1.7370132413835915
0 1
2.1092333907610135 3.258515543038907
0 1
0.33153077359882266 1.5500849295961978
0 1
2.52418528777976 3.974853412312613
0 1
2.196202663503336 0.45109564472344044
0 1
1.3977180613672253 1.8366836790009904
1 0
3.9552437635140776 2.4474068601051377
0 1
0.7952365195769633 0.9166489380203018
0 1
2.854544204731597 1.1861128002608763
0 1
2.781927543039457 3.8688114650368344
0 1
3.660988105263465 0.20192024773355843
0 1
2.1440497353930428 3.743883848917095
0 1
3.9921808018023874 0.34673696118211383
0 1
0.7501778571079925 3.9348685427106633
0 1
1.750984376609872 1.9348265814509098
1 0
3.7873770226299954 2.260290708632317
0 1
0.8189905708721876 3.579887535972577
0 1
3.1293434064307224 3.8586177376508015
0 1
2.577825516069793 1.6216659228933854
0 1
3.000524544679677 1.9808586155132133
0 1
3.9593813549298407 3.8465584899393854
0 1
0.29815474859024826 3.8206957895891445
0 1
3.8509986696005374 3.861997306110392
0 1
0.24968452030352273 1.0798973299561263
0 1
0.9373928311987547 1.2934037552175939
1 0
1.4098055769622992 3.22868067921428
0 1
0.3317354802949728 2.6738422508941677
0 1
3.8131834162555176 1.5908480069720476
0 1
3.748731325114779 2.8857199182694444
0 1
3.0720327808464747 3.9087953841168814
0 1
0.547356126585377 0.42499268008356506
0 1
1.00422232020177 1.444069205096992
1 0
0.668677403044097 2.8057709438123593
0 1
1.8838270513194053 0.7092839965871858
0 1
0.9958005752254664 2.036429875699821
1 0
2.592649637867673 2.396439396779029
0 1
2.7910545724282994 0.3680101919739065
0 1
1.3028293080675386 3.783088530302689
0 1
0.3549489768371936 2.8239660921576424
0 1
1.609286751658737 1.7164437501605043
1 0
1.4065658977520812 1.659643022341109
1 0
2.3037181172852694 2.227821188493917
1 0
1.2648760955272218 1.1838706499186156
1 0
3.0674713309827357 1.880353817101819
0 1
0.4531005142216471 0.9297642190752069
0 1
2.1232265429620436 0.02528022790596296
0 1
1.0589575123378525 1.2118472094290835
1 0
1.5322273719990362 0.6046973336172945
0 1
3.303353781646561 1.3619234063175263
0 1
2.4456288052531856 0.5803767863495004
0 1
2.049040207577108 3.3753706768827016
0 1
2.7334466271644424 0.5057860203646527
0 1
1.7925910778756746 0.08284298196674555
0 1
1.2556190113502117 1.295045051893549
1 0
1.4808553487632161 1.248005940910644
1 0
0.9556520953800565 2.0184435831921212
1 0
2.538667396629426 3.998630809466578
0 1
1.7626837386177292 3.550476790126569
0 1
2.728398438754932 3.840161110824512
0 1
1.748905601565406 1.9179108960253863
1 0
3.071962572031502 0.6093615200072797
0 1
3.754834043939874 3.6652081797726312
0 1
3.0074527906845603 1.7490762075864423
0 1
0.7017432619880561 3.343915944483531
0 1
0.9844647012267873 0.7034665523996235
0 1
2.5483503724328984 2.940634677835384
0 1
3.9767833920656726 2.330534556205628
0 1
3.934777456012708 3.328409340006773
0 1
3.4615005165768307 3.325588329194648
0 1
3.3441661616982103 3.6907270186685013
0 1
1.0843582648838805 3.512030937527311
0 1
2.7435250403856255 2.2103878201254927
0 1
2.357982152878886 3.9511958966750744
0 1
3.703802080945342 3.3820815146359324
0 1
1.385076985913558 2.4821345122810996
1 0
2.4157434642978526 1.0086085060551797
0 1
0.47768940481995026 3.2534716686749006
0 1
3.3849498287500563 3.9402959238845443
0 1
3.6045063409491527 2.2674771669020317
0 1
1.922071004793163 1.1887227451868223
1 0
3.108340707594535 1.730509239840977
0 1
3.4555624879650657 0.02793619066591635
0 1
0.9199706808134573 0.17819295767029386
0 1
1.4221342912782884 1.4597864045322804
1 0
1.8952811281266322 1.1172200219952653
1 0
2.5452532447693805 1.5475766391773789
0 1
3.3686154123608616 2.424361315729724
0 1
2.562705459101688 0.18240699175731656
0 1
3.997704478378987 3.983084697522365
0 1
2.7379292201659933 0.6974850344718484
0 1
3.756847462585213 3.538629698530685
0 1
0.3688911624712641 2.0806014205646663
0 1
3.229078178396239 2.052726003075311
0 1
2.0786285156948665 1.6252151903281233
1 0
2.5349941214962914 3.1577653964574925
0 1
1.4213144769425958 0.21153669020970334
0 1
0.6713325684671116 0.7627392267015352
0 1
3.750369262126259 2.4997094270273426
0 1
2.067323205952096 3.1511713771651557
0 1
3.606651578725864 0.3665965888847773
0 1
2.216207159417669 0.8684837549019782
0 1
3.746329322035271 3.950909129885519
0 1
