3.307313137709221 2.5750813618516872
0 1
1.0512840260160043 3.803467515530671
0 1
3.354853906453961 2.813440754479593
0 1
1.127936409058813 1.436159852732379
1 0
1.5058935963072715 3.747659150940836
0 1
0.8849239106925961 0.573805468047671
0 1
0.5986970716005184 0.21596185550202485
0 1
2.3984478391350157 0.2157798479693458
0 1
2.1072111998928773 2.080573543286714
1 0
2.716356588633404 3.0852510218475793
0 1
1.5686938544420488 1.3752784784094438
1 0
1.1854787324920766 1.9978364589415998
1 0
3.359138690852583 2.182492202776558
0 1
0.25742463179826736 0.5764274804472778
0 1
0.21663454566147688 1.152312827100137
0 1
2.862323567724233 1.9091461193761048
0 1
2.210313303459977 0.2821959684290585
0 1
0.4553683800792969 2.279109201814733
0 1
2.2988576290880496 1.059932417417826
0 1
1.5862600830080305 2.5018478349601736
1 0
1.482470034281357 0.13866785088751366
0 1
3.901347867441631 3.5794207468140735
0 1
1.346696093924221 0.37358095323704754
0 1
1.9996174179506925 1.928109148911466
1 0
1.5272759122522714 3.551692790986124
0 1
3.4216822672180696 2.9491288878182145
0 1
2.6573689967201224 3.353019078463527
0 1
3.1208943608598525 3.386634573338259
0 1
2.814910051162642 1.5190519782542302
0 1
1.1911587085756898 0.0768055657295239
0 1
3.4590430534206287 1.5668053334350374
0 1
3.0258542957625023 1.7098976544124387
0 1
1.3053579073440646 0.28663304993519345
0 1
1.7477709270416013 2.3730455956029295
1 0
3.526118805890403 2.999020731026702
0 1
0.44163989114474456 0.5763443687182779
0 1
0.5384023609376665 1.4819692248074485
0 1
2.521331332451611 3.327157134995601
0 1
0.5123980916427517 0.998474255124917
0 1
1.8717818039419778 2.6390691867460734
1 0
0.5807535095422587 0.6322346223364583
0 1
0.05522603958862682 1.22077626117167
0 1
3.275596810582089 3.894330860653836
0 1
2.093878638522401 1.3042420917446074
1 0
2.6173329315543 2.5865559918773005
0 1
2.585552658236746 2.9727132337567967
0 1
0.5558751988715018 1.4358266451064736
0 1
3.8311121793309857 1.9394244762522574
0 1
3.8761490622428996 2.2043698326087826
0 1
1.7641457486703334 0.07514012680613602
0 1
0.891879923271679 3.6637502888387026
0 1
2.888455349581029 1.3497632794761438
0 1
2.456222568072685 3.932034410470793
0 1
1.6924959661351906 0.7525942645056731
0 1
2.0647263283279855 2.494724610751854
1 0
1.7720210330425719 2.271584401076679
1 0
0.8488129494659056 3.134549462383911
0 1
2.101848769243934 1.0697193440831865
0 1
2.7486653906832976 1.2241408517229067
0 1
2.929446791816442 3.02436470761617
0 1
2.7311229315783145 3.383090328192189
0 1
3.375108432930629 3.3714402992158807
0 1
1.8051937049498097 2.397659578618869
1 0
0.44943081107382854 0.1427093994426638
0 1
1.354855876872536 3.42027944379492
0 1
0.1797065764648762 1.8118795567117076
0 1
2.7252695774413436 3.1758541215310814
0 1
2.334165936846755 0.4520124974658333
0 1
2.2343346668534663 3.5624004958279123
0 1
1.3062170723031548 0.3894982524770607
0 1
2.6363894287854914 1.8585583724462786
0 1
2.500542114802589 2.5786189121589165
0 1
2.301399998385987 0.6024337245110014
0 1
1.5730829854957462 3.43449750811497
0 1
2.5847204673861652 2.8792914800855534
0 1
1.1887117544124992 2.2806686136443552
1 0
2.4970980092800072 2.79547429299839
0 1
0.90913555601067 1.493107471292265
1 0
3.6915737672335145 3.034622391458582
0 1
2.841305916265563 0.06639197651826212
0 1
3.710185797357501 0.30958133531099064
0 1
3.9500862330281588 3.732691692063964
0 1
1.6837829815102672 0.0467113550394509
0 1
0.9556053119934633 0.04669982691071928
0 1
1.013416781814307 3.100991450197609
0 1
1.8492273202429268 0.7230837766762059
0 1
3.341958419382177 2.8017298895428624
0 1
1.2192446702175537 1.4619366290046103
1 0
1.3930251154581037 0.8798853592953346
0 1
3.8706839049268256 0.541715171336814
0 1
3.7450285735472733 2.7686134182488837
0 1
0.3411576494179238 3.1248272994685817
0 1
0.24501068496567724 2.093515861450729
0 1
0.9062257054400038 3.0545980072879853
0 1
0.4736469847038176 3.6107931811695892
0 1
1.1549387762885868 3.4097304574069556
0 1
1.7568705577269275 3.8557841319735737
0 1
3.2045325200066865 1.5019881540821616
0 1
3.4657685098898057 3.9231267296181187
0 1
0.06355775636114824 3.057838447275914
0 1
2.545939275339439 0.19669212771633982
0 1
3.2606141178291304 3.9592489797302663
0 1
0.5353963324762003 0.550678352142937
0 1
3.5401053180686315 1.676545893592822
0 1
0.6132717628933921 1.1873427324663441
0 1
3.769019124212505 3.6055081889705947
0 1
2.7831177902039914 2.6275371676208445
0 1
2.702810928285804 3.264569202889408
0 1
0.6255677411953848 2.931361432060888
0 1
3.2944943642574875 1.7690591291168727
0 1
3.2591651389805545 0.33876669585058483
0 1
2.6418392036210774 3.3806122168356003
0 1
0.21458204614842602 2.9405617508344206
0 1
0.7558017575041025 1.6044729413005188
1 0
1.966781870716317 0.5899733208418572
0 1
2.1891810201884647 3.2845919673090966
0 1
1.9563099649606452 2.242649448491903
1 0
3.237834563157164 3.3457729133182643
0 1
0.6087499219726205 0.19615720891652044
0 1
3.1983222790972206 0.9518714592188182
0 1
2.1285370537576895 2.2685244107853975
1 0
0.44733564626701616 3.6145793616173907
0 1
1.3014110592716648 1.134167574427042
1 0
1.3662451643070717 0.5135893322703131
0 1
3.7026753077682795 2.430738128747997
0 1
2.1654069197969186 2.7089037764849415
1 0
0.41958085292240144 0.19240932803134658
0 1
3.2812965866437134 0.47138899389181255
0 1
2.7399603452330212 0.78577153037318
0 1
2.9593490827124342 0.4029743508901671
0 1
2.845549480590272 3.770519961120118
0 1
3.2272265691995763 1.6411551321371447
0 1
3.482672443480075 3.2747005151488433
0 1
3.288936783968416 0.938454214114492
0 1
3.2382101311852556 1.1317889541403563
0 1
3.7296330095222627 2.64679402436002
0 1
3.530867687188417 1.1505551358358752
0 1
2.8694324372351723 2.05183187441286
0 1
0.6218655648058276 2.87082377423252
0 1
3.85273836705804 1.3961623099480027
0 1
2.609203206813119 2.2667756666180483
0 1
0.5696345262625511 2.326945379059145
1 0
1.2443967121224713 0.8129328785399781
0 1
0.01584783470282547 3.804658644633831
0 1
1.5139942538712385 1.6636244110732168
1 0
1.1103071337144756 3.163971634169079
0 1
0.2159233538664469 0.09750289374364085
0 1
1.0514342837297024 0.6855947653080903
0 1
2.061608991624095 0.7656128285347319
0 1
2.34217777835528 3.151935326569302
0 1
0.18343667919109397 3.614340245675539
0 1
0.6271683050501493 0.8147142500539979
0 1
0.8007372067334493 2.2766283024088056
1 0
0.7810629829365614 0.7531463402340877
0 1
0.9150692776801677 1.4501726344477772
1 0
0.2570996869541182 3.042495883209405
0 1
1.4618401666597114 3.474484480407114
0 1
0.06830264077249382 3.86278222881822
0 1
1.9308915840251792 1.7372175239183516
1 0
1.4635018756257718 2.5006983042262774
1 0
0.31891357242481666 1.4855514565292012
0 1
0.6140687480294891 0.5742475328366665
0 1
3.558144533348468 3.397470630713041
0 1
1.026150818464823 3.4515821325711955
0 1
0.7101292400020265 1.601339550132364
1 0
3.7675908187932317 2.465432319754236
0 1
1.5547292279376141 3.292685856791135
0 1
0.36632813602787406 3.033753607238086
0 1
3.2772837610057435 0.28984163754823644
0 1
2.196065012208343 2.356916975564657
1 0
3.355906183972849 0.6115822724724418
0 1
2.627963455548521 3.9975469874953498
0 1
0.6528678462849165 1.4126483096441516
0 1
2.919457073515696 2.816565024983062
0 1
0.5812712962826043 2.0580446387900255
1 0
3.9751921333322358 3.311713556755316
0 1
2.0307677668806936 0.13390583511695997
0 1
2.54128036433511 1.9051470265462225
0 1
2.6265874786364902 3.778650924899768
0 1
3.5548806177504075 2.9297120800445025
0 1
0.39366227909720175 0.479661725716789
0 1
3.020265382872216 2.4549068701602392
0 1
0.43866668777394047 3.0985680233896824
0 1
1.500569871767345 3.2929547659340996
0 1
0.5344327959977155 0.6086358244440331
0 1
0.865017816030138 2.667276226718767
1 0
3.583298490142858 3.450479873933889
0 1
2.1783371545577195 3.6828591229117476
0 1
1.1663209227934659 3.282724468453249
0 1
2.71276341573726 2.4302964912047513
0 1
3.1212256259204265 2.907843831920168
0 1
3.431053312211034 3.881668487358678
0 1
1.1979779870915954 1.1746828244032823
1 0
3.3029942647588886 3.910813661469657
0 1
2.6414348023100933 0.7412451206124016
0 1
3.024388635352484 2.1578802756266007
0 1
1.791400710439524 1.3501188403608686
1 0
0.33121617387119384 0.30242334627943945
0 1
2.0353151114326264 2.181313515703358
1 0
2.2185924144236884 1.3665812821669037
1 0
0.5640596706093031 0.5506787776696593
0 1
3.2405401264519376 0.33891355644692434
0 1
3.4630742923835993 3.583737150848235
0 1
2.00857747562255 3.4031174698037407
0 1
0.1163326554233377 2.77524414776895
0 1
1.7491973133585308 0.1020841909708321
0 1
2.184424720093257 1.0215231005226837
0 1
3.8191045104232457 0.2863810144984211
0 1
0.37972431449163935 0.4989235630685691
0 1
1.3450874087912097 1.1028511582856257
1 0
1.9144380081362384 2.57334264469468
1 0
0.010466816173919202 0.08065280447998235
0 1
1.9840484360947825 0.6293772925393317
0 1
2.125623009609281 3.923208943297104
0 1
2.703943801492794 0.008259766394000057
0 1
3.0517057735449433 0.5831256097828792
0 1
0.5433149372334918 3.7017250628778426
0 1
2.238011446021289 1.268671447412813
0 1
0.5233979381827081 0.7699520355189517
0 1
3.9139554678523263 1.1886191675999465
0 1
0.5225802025660227 1.0118014513332931
0 1
1.556167419175424 2.473490508729023
1 0
2.0536148869660367 0.14227003776836122
0 1
2.3718329339615214 3.5176577850118576
0 1
1.8821619577434965 0.08669549242447472
0 1
2.883186698080114 3.869950541320575
0 1
1.6480196338480044 3.181698815125848
0 1
0.5023864263559243 3.0984792606511227
0 1
1.742711821157493 2.6475243465905276
1 0
0.6473170480127894 0.5575366591229032
0 1
3.7270786675195673 1.3167520077688777
0 1
3.1326864956991085 0.8859469513132052
0 1
0.43464355420156986 3.747197131194978
0 1
3.381398236167459 1.5098320421233105
0 1
2.1650778460591287 1.3241262028972338
1 0
3.294991308018501 2.5869090471436196
0 1
3.2907928704797373 3.8735823821402873
0 1
1.900223278382895 3.9197047753812035
0 1
3.591410679784123 0.8728560922616668
0 1
0.278297960436638 2.0602622499017245
0 1
0.07192435521110463 1.8289807040501387
0 1
1.0067339587132254 1.1716651024974265
1 0
1.1556242176356895 0.23527614488203552
0 1
3.756431454767371 0.7128753672536696
0 1
1.6465612363376811 1.6456839865930828
1 0
0.6943738096966339 1.9413017740485996
1 0
2.651123043026027 3.9362539018068237
0 1
0.2972237751253588 3.4290348968303928
0 1
3.3702386311636916 1.1532354223600132
0 1
1.1717510611192052 3.7875656979414085
0 1
2.948356135256584 3.2576049639583755
0 1
2.6731507854009506 3.571724593062115
0 1
3.2170417507624296 2.7500459719548562
0 1
0.7560047652302657 3.469579453778889
0 1
3.9286929107666193 1.27647890154562
0 1
2.5652792480084807 0.11625773633924652
0 1
0.6474984159550536 3.740376141628438
0 1
1.3139838538963264 1.8629043727262693
1 0
0.3925383535812923 2.6554339724421054
0 1
0.3458253581297619 1.865653716702791
0 1
1.8323956948351015 1.4258514606620696
1 0
2.848090171664064 1.3650891446036764
0 1
1.9974969170953218 2.170879157701979
1 0
3.7093723179590654 2.9134150747404814
0 1
3.836515521977636 1.0869767732064752
0 1
1.4246862817098283 3.0805380181669038
0 1
3.5926656098313026 2.497691895378022
0 1
1.4822646273241404 3.77958484720133
0 1
0.19549194567172812 1.037272954522849
0 1
1.4106337122732255 0.4288612580331783
0 1
0.4780598821545987 3.219296278788896
0 1
1.2254099074922178 1.1860688261378334
1 0
1.1837782498917195 0.7845279979963986
0 1
2.3030530584647937 3.4628550922111927
0 1
3.0887678293851972 0.0038157194778678516
0 1
3.073390496381313 3.994358274713377
0 1
1.0322188347491448 2.037774961141969
1 0
0.3004818442648429 1.7460199084846701
0 1
0.14138390512571952 2.1727260835840303
0 1
1.1086999999207374 1.9292667907261802
1 0
2.370443788806504 1.9791565778165965
1 0
1.9661563829927897 2.3682119261160413
1 0
0.823306652562025 1.6808558367530875
1 0
3.263998234799153 1.113451939135027
0 1
1.9762837008583012 3.0420885838406515
0 1
3.1630155785087 3.5042706592834296
0 1
0.16052755980617484 0.2689722349812249
0 1
2.7960896402222875 0.29232357911714324
0 1
1.8869661471336987 3.6093686004323606
0 1
1.136093199596758 2.3321864592840877
1 0
3.3676677103387505 3.1768491022043244
0 1
2.132268976104085 2.2891959146810024
1 0
3.5628007731532354 2.3231895911782665
0 1
0.9360643933715052 0.17025803261423178
0 1
0.43399958176870745 3.11293482606088
0 1
2.915020488246395 1.4153567198404127
0 1
0.9339847780372663 1.6974560501128666
1 0
2.423726978026914 2.182453422698224
1 0
3.4342773171651717 1.902628865497225
0 1
2.545204573280212 2.1345550736907146
0 1
3.6357728241173266 0.7816829095036324
0 1
2.584287049660756 3.721800251027325
0 1
3.9270939293646645 1.2807507398049958
0 1
3.8757106225375946 2.8401794090804007
0 1
0.356570184270832 0.6783694051653733
0 1
1.847958865797331 2.832091108609925
1 0
1.4003521347168366 2.631564390093924
1 0
3.9731370713256844 3.9266020482236255
0 1
0.4406479544718862 3.0627838280756734
0 1
2.4316872770325024 1.1512139792015894
0 1
3.5619739999192537 2.796340484148378
0 1
3.8751199072659777 3.3219095759404134
0 1
0.6492284236133661 0.41784572798646424
0 1
0.5431777870288528 1.4549767219170606
0 1
1.0362762545929538 0.6036055664337145
0 1
1.4406052253244859 2.246186460878679
1 0
1.7286781991397824 3.5689201737443166
0 1
1.712934280106114 2.31011177363928
1 0
2.574302223663392 0.7381680578847756
0 1
2.258009289273297 2.4251765384956876
1 0
1.4875459467836842 1.4145663143917502
1 0
1.6431494004460685 3.6512868905836187
0 1
1.9050272823147383 3.0663739070020664
0 1
0.10890542426904393 0.8375337727638783
0 1
1.552139183925994 3.0587743301758468
0 1
2.31918268802457 0.3072253026247891
0 1
1.150083864512959 1.9477367274064932
1 0
2.61213360420999 0.9428953680394296
0 1
1.9755994557578362 3.6532996670072673
0 1
0.2713912669059013 2.5214357965235656
0 1
3.50025686580021 2.0512636879614976
0 1
1.3723316174769633 0.9826537135988187
0 1
1.8844210242878119 2.7537488804760994
1 0
1.3952295946944413 1.511273938748087
1 0
1.499034819180225 0.6879667373539475
0 1
2.6006903679128235 2.9850443228412513
0 1
1.6301562255531654 2.602684359587208
1 0
0.24605002069254533 3.8625193972382688
0 1
2.4333686234813015 2.0015094576956063
1 0
3.6580778705781447 1.5860167687174358
0 1
1.7451422981910003 3.963838422158397
0 1
1.7359349857379303 0.4394536774256892
0 1
2.9509849519426012 3.301161513704998
0 1
2.684881012132444 2.400208882424038
0 1
2.2517246534406574 1.518698018516016
1 0
3.5664684358179795 0.5709477077582972
0 1
3.6676444112305395 1.1226861601703715
0 1
3.563607951375195 3.0300678440838897
0 1
3.1263592895212566 1.469712377674362
0 1
2.595525292903477 2.746499011076988
0 1
0.5660511220372264 2.5267728355280292
0 1
0.35485169126203875 1.3520727888865487
0 1
3.1562125439786435 2.747281076968003
0 1
1.8020414887912581 1.3238402505699312
1 0
3.481742274311843 3.362554382929907
0 1
2.672435669176233 2.7600271121689985
0 1
0.27871280081244976 2.335482836745572
0 1
0.5543069707770076 0.40725612796031596
0 1
2.3741039913569746 2.6728860178883513
0 1
1.1604138585668657 0.6459009228101262
0 1
2.532859518096462 3.069044311898201
0 1
3.6868232718592515 1.4173380184422655
0 1
0.23472750989718927 2.225553596971444
0 1
3.060236164811104 0.8794650586471224
0 1
0.7124491892870952 1.4566643178605982
1 0
1.4793878090929984 3.6577340454291876
0 1
3.3987734277415567 1.4871134585969594
0 1
3.1367815998370414 2.8600795038852738
0 1
3.2178963678790216 2.7047644568644267
0 1
3.0486052435919917 1.833695248117103
0 1
0.7864106706276348 0.832616164708754
0 1
0.2006524817693185 1.5421976511671898
0 1
3.6788952783023214 1.6043185367849828
0 1
3.5263639042590804 3.727728719886243
0 1
2.8386030515359675 3.1138147279716684
0 1
0.33158240994295785 2.7945299903961756
0 1
1.4880401952318358 3.4032371085229713
0 1
2.2039391080409643 1.1742404115060432
0 1
2.142269176385015 3.713339256864846
0 1
3.8922930446005055 3.6480951907639585
0 1
3.939881120501911 0.16510675047334233
0 1
0.009627940180269245 1.6023290091462572
0 1
1.5227976964141856 3.07240245952851
0 1
3.7841833910816645 1.6851920474803848
0 1
0.976478133174786 0.6845290854747654
0 1
0.4235090305173923 0.7305407854266988
0 1
1.7534910500055227 3.632891161445854
0 1
3.9447678846456125 1.0646718279203848
0 1
2.6224386065658982 2.540906765000461
0 1
3.2470894722157766 1.9289062005316557
0 1
3.814833726551057 3.71438677913469
0 1
3.139973989769244 3.9318827227088375
0 1
3.292102545214774 0.9472608156712861
0 1
0.8621621412293208 0.9269197860886318
0 1
1.306615068716631 0.3924192624915599
0 1
3.0601165103669694 2.8876547086744004
0 1
1.2272511810599158 2.646753093547537
1 0
1.2891659341190729 1.7396275668837138
1 0
3.7468013603245742 0.5906427076535734
0 1
2.8121892338973162 1.229902833437789
0 1
2.7410774219922076 0.9323692862971344
0 1
1.002134785853697 1.7122414071153984
1 0
1.4112118242083302 2.9331389262254604
1 0
0.5105817303836067 1.0080432012441451
0 1
3.351632399654112 0.5647285217065865
0 1
1.425234153775345 0.5894000347832309
0 1
2.4817559437325465 2.9525504222189976
0 1
1.7745531144066722 0.0269348045411113
0 1
1.1153156886291669 3.110464943442128
0 1
3.032608993089682 0.864320611761598
0 1
3.387903441011811 2.99328662947155
0 1
1.3895991291735266 0.509804691575102
0 1
2.550554290873258 1.008825138633283
0 1
3.5771512880922125 2.2594390751320748
0 1
3.950659376158223 2.4971428277282186
0 1
1.069075282213487 1.6432895415839686
1 0
3.3794284102799113 2.095104122707714
0 1
0.4434398276397773 1.7906528961854993
0 1
3.3355527266102025 1.0068202594287068
0 1
2.2682342864214897 2.6243426122138582
1 0
2.6236939191586357 1.5797325110983267
0 1
2.266561606496088 3.2776021734571223
0 1
0.9424703756535218 2.246255140050153
1 0
3.9701637245089887 0.9203102777828733
0 1
0.1090284152974168 0.38482720399276493
0 1
1.6737248145969055 2.1394857724058025
1 0
1.9936286664551148 1.2256380073539215
1 0
3.8383858569012257 1.4569525614478636
0 1
3.5946865227104725 2.6995166420708827
0 1
1.8663645248569445 3.4015640753964256
0 1
3.2146025609787103 3.9940378752638326
0 1
0.07557709312293559 3.5070170181375078
0 1
1.934972940766586 3.772727816921968
0 1
3.2388521071555894 0.14983721192001775
0 1
0.8347356293441992 2.802793418358497
0 1
2.8968591783756454 1.1061494921244783
0 1
1.063319501574631 3.1374759961791914
0 1
0.9749862351891698 0.2517429762393655
0 1
1.0430182067709088 3.1629407807760765
0 1
1.703471926541055 1.2638849234721588
1 0
3.268625297379494 1.6955497611740964
0 1
0.7154394675109916 2.588217640385698
1 0
0.2759488911483392 0.31233162765275724
0 1
2.587845941172331 0.10862652507084336
0 1
2.2952432577773316 3.086952368910662
0 1
0.704843697868268 0.930013498089362
0 1
1.0525032599249817 3.673405371484252
0 1
1.3304766269849622 3.995785850845348
0 1
2.282063856878288 1.3399118198501614
0 1
1.3950836076964142 2.170548269101458
1 0
0.17777484973620483 1.7949739075171784
0 1
1.379052177304179 2.454175269140487
1 0
3.8010123355737764 2.8266984723909743
0 1
0.814986685933794 1.2483426002838636
0 1
3.387103269886988 3.004909025242209
0 1
3.4920744433187036 3.642429382439126
0 1
1.5609704629640255 3.2119502435041034
0 1
1.401360678965553 3.6309415763290533
0 1
2.431925592367075 3.9415873915705206
0 1
2.4342772972727906 2.714423847942328
0 1
1.5582782758580302 3.702518709577612
0 1
1.0923898509265464 3.0038003894465644
0 1
1.9289056782061076 0.022668509196806852
0 1
1.3703610587524895 3.5265077073597966
0 1
1.7996087375163698 0.45540662835676304
0 1
2.500292328765176 3.690044884886353
0 1
3.854725915633624 0.5810186926700407
0 1
1.0855208208114524 0.9956981494677959
0 1
3.92097254676946 0.7529711672878348
0 1
1.430159668731683 0.9388983699787699
0 1
1.8240760315048954 1.2434096022992382
1 0
3.814978561631293 3.669207357342589
0 1
2.1274462446545135 0.8785960413582581
0 1
1.279832654877195 1.3392114547950271
1 0
0.5826084274647814 0.06307028476654164
0 1
1.9429193557611928 1.8279009698886983
1 0
2.1695751443009623 2.4416579369536744
1 0
3.1990420672386706 1.2065490601641233
0 1
2.958427801577096 2.598868868525901
0 1
1.7592578084543176 1.6776517874803525
1 0
0.207948414440442 2.900471029708857
0 1
2.5587440913199315 1.7905355421503457
0 1
0.6228882972362904 2.9510458878955528
0 1
2.746507307721953 2.370636925273118
0 1
0.7285573705532955 0.09181224814544064
0 1
1.4606245153520945 3.546904146428144
0 1
3.3153362997313693 2.75634171420803
0 1
3.7715805111056104 3.7925428856059242
0 1
3.384812733481341 0.4642671133884786
0 1
2.502695538439342 0.26746734956372453
0 1
2.9901856177417105 1.8600110757364878
0 1
0.20316914004688424 2.559233939582976
0 1
2.5442981741752715 1.7007757882586807
0 1
2.841150809994642 3.4086905451756824
0 1
0.8993350137687206 1.092532414012358
0 1
1.8106686693499134 1.868306174642147
1 0
2.4469546323065323 0.28759593141973294
0 1
0.55162108695247 3.9644990365161754
0 1
3.021720043688051 2.6841894407880007
0 1
0.12170557536166138 1.7929860729142724
0 1
