5.685769057861342 2.692515469306903
1 0
0.46532633120197553 0.6020712097913665
0 1
1.4697194668023028 4.163788945093476
0 1
4.529210198830975 0.8097439303956899
0 1
5.2955829566537505 1.556625758388855
0 1
3.04084586840344 5.737117386997118
1 0
0.8421271774352115 0.2670397944389846
0 1
5.957068681497692 2.494400598950553
1 0
3.01182116784304 3.352088204683746
1 0
3.2517246830869997 0.9455153992969381
0 1
0.23378561874398152 4.015538852857591
0 1
0.7759753031832555 5.802036461313052
0 1
2.780646322977414 2.1876592318435133
1 0
1.2717382713355225 0.3886140198111625
0 1
4.932721548589052 1.1094403283692011
0 1
1.2387840559724739 4.256385607884486
0 1
4.099603839528449 5.313109263987759
1 0
5.35025541813334 1.4087159359180965
0 1
5.117217629139391 0.556365553130242
0 1
1.8062896713246799 1.1980845258824113
0 1
4.762149286652473 4.91257531233754
1 0
5.909567553228702 2.676338526245758
1 0
3.876778218863275 4.223993345241158
1 0
0.1710722882852569 1.2569805424865397
0 1
3.94299957551942 2.470080457761746
1 0
0.9644513238019274 1.472457703778402
0 1
1.5986015539612801 5.251453475201794
0 1
2.747924291170275 0.5189804786185241
0 1
5.278889132734193 2.512761737454041
1 0
4.268880936187475 4.8564326962861415
1 0
2.4902385033533774 1.509544485476568
0 1
0.26499961973729014 5.46997391989839
0 1
5.4334974012022625 0.741885914760618
0 1
3.4929741640694147 1.6923854635407145
0 1
0.03281588501551669 4.41965610426797
0 1
2.9279657237584895 1.3505436024188693
0 1
5.928759278973744 1.509939791604122
0 1
4.874103003565948 0.07868152399601325
0 1
2.8124966412332166 1.7624700369098414
1 0
2.6823765864741507 5.175727107020258
1 0
4.79722828853682 3.1292495185021525
1 0
2.841337987273933 1.0684843032295201
0 1
1.5092871017550822 2.4768914584262385
0 1
0.33511295514187633 4.611561133161855
0 1
4.412454623263302 5.169519001925664
1 0
2.853552494117909 3.633276484388037
1 0
3.439600271033301 4.900428093597213
1 0
0.40485489039720357 4.470033231599112
0 1
5.025982755271769 0.924486364907539
0 1
3.819883539622035 0.6367678847704801
0 1
2.423505901826833 2.553302351912947
1 0
4.69933041149551 3.116116517372323
1 0
0.6972901121003787 3.095807181792659
0 1
3.741344739798956 2.886324076432447
1 0
2.1341035106054145 0.48884604422065503
0 1
4.731192951908509 5.103326145570103
1 0
2.8966450297739263 0.03587302642265633
0 1
4.277279179696622 5.154552638836964
1 0
1.9458663708377686 1.9223838488656628
1 0
2.1061385571144013 5.707548718781485
0 1
4.6290491333000965 1.255564742366391
0 1
3.1822099277205274 3.6328584380471196
1 0
1.4023185541456087 5.755775487454147
0 1
3.9371424672841666 1.6936992120450747
0 1
3.034727454045786 5.384977433437597
1 0
3.5481292151941757 4.493444302059128
1 0
0.5707968961124361 2.6999690420590503
0 1
0.07730007875616174 5.680963399780353
0 1
5.134975530178141 4.954472380783978
1 0
5.148536512107929 2.1827048214522318
0 1
3.5933482518502307 3.160670736027117
1 0
2.594382716470487 3.359105360778451
1 0
1.9294111351798229 0.2843871450577906
0 1
0.005672405807328529 1.5645867346419515
0 1
1.0619973480077625 3.332266048119103
0 1
1.6903236072936623 2.3677549554792146
1 0
4.571753876218811 0.9137303309715257
0 1
0.057550310727064735 0.3319751563277913
0 1
2.2060574513560525 4.0158934078551685
1 0
4.926681843523324 0.34907540759379274
0 1
4.067810492875083 1.64012534465583
0 1
0.21826370957316832 3.3853728974969197
0 1
1.9131449487741592 1.369973923078854
0 1
4.204548555213687 2.302337255904706
1 0
5.690255066091879 0.9686057895266893
0 1
0.5064540584411596 1.0052453358849693
0 1
2.8036247307677247 0.8213775477181771
0 1
4.8659846359297045 5.877490635692387
1 0
1.3299356845030932 2.1051502266409416
0 1
2.600034061153031 3.8456304407539257
1 0
0.9513552563036964 2.9192818262249585
0 1
2.9978918133922265 5.24797873586854
1 0
3.343714503874681 1.0432314950169694
0 1
5.772386708774704 0.519156182355125
0 1
2.18806215290498 1.4624078096645619
0 1
0.7016018062737885 1.7413421415706665
0 1
4.371300204954082 4.089733424335243
1 0
5.095203949307996 4.06399398878592
1 0
0.29071826427611014 4.811455695324767
0 1
3.3181302149806404 3.1295954585310817
1 0
2.167375442423764 4.85101546058328
0 1
0.011894451450916499 4.752833418815938
0 1
5.0298952052292485 5.290532964682939
1 0
0.054033896307035256 3.7159249638090937
0 1
1.2805390701672457 5.190930443851154
0 1
2.863628820412889 0.8479280769033821
0 1
4.423986048973046 2.6527526951863294
1 0
1.5134230464288991 0.3567086394079657
0 1
0.43852364048200965 3.0853702282912705
0 1
4.866006178593054 1.6127624830000462
0 1
2.4939123544048414 0.33177441071997515
0 1
5.204746947287301 1.9451327222037629
0 1
0.1246810347463374 1.5573356203469024
0 1
4.718184765014133 0.2595931424272284
0 1
0.381846224654556 5.746794767365121
0 1
4.873786175538959 5.6412767377348825
1 0
3.709612908295245 2.0160974775391476
1 0
0.20680868535338703 5.328570941228553
0 1
3.6297638326788246 3.1271769884937948
1 0
2.225702078210836 5.687535288101812
0 1
5.09792506493495 2.918575978866921
1 0
2.7128284818223287 2.32684809831556
1 0
5.176831288139955 4.036613310106953
1 0
0.0027013732882394947 2.292099706672089
0 1
2.053816197078804 1.1876826741049864
0 1
2.762864420361799 2.0101486581856607
1 0
2.437980341314362 2.8712898581020445
1 0
3.16661712314183 0.40979034492150945
0 1
2.522036116392666 4.028196540711003
1 0
1.9398387313199954 4.571644410368009
0 1
0.891803440135668 4.370030804809776
0 1
5.399563948154701 4.2326213690083225
1 0
0.7781752675416542 3.0774245306474235
0 1
0.02457647050085554 3.7601054892362136
0 1
4.095750830278432 3.822271032470865
1 0
3.1552478171353275 1.0442749760436338
0 1
5.708895321804975 0.9685435436699217
0 1
1.549943151768481 1.9352505142132477
1 0
4.191294160256595 1.4919360354633089
0 1
4.274271591352764 4.794784547765059
1 0
4.321614278961382 0.8279361073452132
0 1
5.104203408185654 2.0162216953476877
0 1
3.1415435584074842 3.5588202414062162
1 0
4.396635472393281 4.838837034693367
1 0
2.6152828582543695 1.241363947709401
0 1
4.531156529395027 0.25100705848933336
0 1
3.3737384825833097 4.230101779359329
1 0
4.8945706655153005 0.828661836387673
0 1
2.4640867162815 2.4912350793649605
1 0
3.0775304724689003 0.6602696319840013
0 1
4.155061490632947 0.4285372375477854
0 1
5.804819778081563 0.1841914411381831
0 1
1.3967879373916945 3.639385232428633
0 1
0.6446949875411376 2.628285225227178
0 1
5.085638971978106 3.5941454776245028
1 0
0.9052090713919012 1.871481091328228
0 1
5.418264357657088 4.159167456560784
1 0
0.4477412775940848 4.232184946518619
0 1
5.873687734278274 3.227291200830517
1 0
3.1108993392980966 4.251863076510562
1 0
4.66306639824078 2.2561663263839513
1 0
4.034679650827009 3.829989094974609
1 0
4.224979243725624 1.9787995886247673
0 1
3.5855859249940183 2.2421529100618867
1 0
4.640104024030045 3.2134160408263597
1 0
1.0671088355023175 5.329092508213531
0 1
5.354243279100817 1.0835169337326906
0 1
1.2487971905422586 2.1891530037125557
0 1
2.676752903577473 3.7938632972196693
1 0
3.6239615476423754 2.900460059370274
1 0
3.5335304761244912 1.0125752471026845
0 1
2.0711953674723524 0.1074137409559539
0 1
3.5818067178387425 4.334165220026403
1 0
2.1469176995215697 5.872289315371994
0 1
0.3986727885904151 4.042360888062056
0 1
3.6946681606926113 5.596025622599546
1 0
0.8443910439217333 0.3475574885637871
0 1
0.031195902647060958 3.1675231715583623
0 1
0.34409390726032196 2.8936835529200735
0 1
5.059987135152257 0.9712477072861991
0 1
1.2319303852307977 5.375537053805289
0 1
5.5765807162623675 0.3829942143881002
0 1
1.2155624557327322 0.2391860462337645
0 1
0.40863208959977904 3.6171359086627533
0 1
0.40930868944573384 4.778871310900654
0 1
5.5503461636508655 0.041182401881927344
0 1
4.556294675525536 1.4801525745933777
0 1
1.3859864284415455 3.3469392026664364
0 1
5.355657706430835 1.7009694589855764
0 1
4.1638683366979485 0.9260883222159348
0 1
0.9755392840120072 2.6502032579607633
0 1
1.6459639040476148 4.355987317605065
0 1
0.944544705307675 0.1652586682724979
0 1
5.581502971041325 2.570491943121336
1 0
5.60036865014922 4.881234062162391
1 0
3.252134707255415 3.0617711451801384
1 0
0.04124112641971256 4.848559155591003
0 1
4.753849484411978 1.7778530980606444
0 1
4.253248624952437 1.4853892220612095
0 1
3.164567663999198 3.2371392690488534
1 0
2.0507822768876185 5.4443247208349135
0 1
3.540475540600354 0.005723857572520252
0 1
0.5972189376111467 2.4202395322326433
0 1
4.840514650402895 3.979556843288492
1 0
4.632308728323377 3.4263972260163222
1 0
2.3861375130056164 3.750438661119398
1 0
5.36300301161142 4.9091149505957805
1 0
1.3682599733742193 0.3247502843487071
0 1
1.505217561895827 3.518055835404608
0 1
4.8960729662113325 2.8709971216136183
1 0
4.6944860346121144 5.928527970537644
1 0
0.3325892112574247 5.89603754437089
0 1
3.163767242679885 5.825013140947145
1 0
3.576673726853159 5.112606338842234
1 0
5.205797896103546 4.243812847440003
1 0
2.7729516761890696 0.39444203999349425
0 1
3.49054597703594 0.40643517220009695
0 1
0.39112729086124975 5.150782737525184
0 1
2.382201438992129 4.747191190384999
1 0
1.0797043385994927 4.192992022158174
0 1
5.687438505450135 1.3868761723199061
0 1
4.563362860487628 1.9287314944046283
0 1
2.3441393061489952 0.8750451810246325
0 1
3.1418126970541067 1.1675062197440897
0 1
0.8946070492102149 1.9593451354830924
0 1
2.32602219081652 5.554202828884284
0 1
0.6868809799267632 0.8544969013654009
0 1
3.384080718554666 1.6276095117669174
0 1
5.160991176570061 0.45973330619730146
0 1
2.538456124614754 2.9978975147326485
1 0
5.066293822121964 2.865374515557244
1 0
0.6064010723593818 3.7142416794826345
0 1
5.4290553701665365 2.610965647401952
1 0
5.030231120184397 2.3696264917273417
1 0
4.72330848507837 2.088349639840229
0 1
0.9798399455218323 4.9335483959703685
0 1
3.6318601973877964 2.555221218290002
1 0
3.9387173972568097 3.0375731998147835
1 0
4.762457546156289 2.89980028125125
1 0
1.7781680307325933 4.303861963358303
0 1
1.6130637593492472 1.2762922569866935
1 0
1.6697569204137777 2.2207864347260236
1 0
5.825000654043675 0.3562114337943387
0 1
1.5421334625510288 5.602772644782972
0 1
5.135970775501746 0.6874260654294311
0 1
4.781830870465783 2.3001357989488467
1 0
0.21554419124451862 2.4134432694949224
0 1
4.660805110660373 4.270531495192966
1 0
1.059548547218505 4.152082971021757
0 1
1.1788758997766637 2.1244882250562593
0 1
1.674866515376714 3.9839585373390634
0 1
2.1928711570738706 4.585023036719153
1 0
1.0349145319440147 2.7432066437448865
0 1
1.9914083220941936 5.784913950699573
0 1
5.226338304185656 1.794183432982437
0 1
3.6503831945588185 4.43499771510955
1 0
1.0860431417558174 2.254374118600234
0 1
3.3079286855538097 0.9099872109013603
0 1
4.360712213212265 0.5048245598864403
0 1
4.878247179615917 5.8200870483721125
1 0
4.199322301043692 5.296611081870605
1 0
5.894121370041404 4.27042744642931
1 0
1.740740888519545 5.682336510973704
0 1
4.197878746008881 4.596223508372584
1 0
3.953339546243944 3.3545683288582637
1 0
4.422695459947425 5.167388160587792
1 0
2.8097373425587646 2.813712806844525
1 0
4.481460660347958 1.9286857780744602
0 1
4.898112683134066 0.3808780606154576
0 1
3.067270085334809 2.048308713108182
1 0
5.2882267045951625 3.0924482329210563
1 0
1.676700556672837 4.140035167320873
0 1
0.4022665253251909 1.3426395321221392
0 1
2.9940122843306316 4.621151263588309
1 0
3.3803343318423464 4.33018058455313
1 0
3.2840334872828194 4.187894754131932
1 0
3.4282207082073173 4.346938823944916
1 0
4.1693500018190885 4.005455424768467
1 0
4.126014036530209 4.995238911138907
1 0
2.720391745593732 3.922163881482913
1 0
2.258826286331184 0.7139728866786306
0 1
0.6857068121370089 2.247924463141753
0 1
4.410819296148302 5.522884675278369
1 0
4.302818461377456 2.8089599734286965
1 0
5.6678299067056885 0.4631010465846819
0 1
0.38669374281587854 5.3741095441878475
0 1
3.9380683793128917 4.0728055814420046
1 0
1.774770537706173 2.075842665686057
1 0
2.2555253671029556 4.254976248500038
1 0
3.9021347808821973 1.1368901944105563
0 1
4.401641447491373 5.861088937580971
1 0
2.987245858430006 0.8038618400871052
0 1
0.7258422265706022 5.085198495289247
0 1
0.8396420629243178 1.6076150799119673
0 1
4.646718887183399 5.394522447932991
1 0
2.7736056382368846 0.15236926682554186
0 1
3.968568743820273 1.121421266597165
0 1
2.8757808525959305 4.181499544803519
1 0
4.056457005416084 3.824333171712241
1 0
1.3267009372592966 3.648919252459889
0 1
1.4443144242336656 2.149057648154737
0 1
2.4538626604210236 0.16335091291967885
0 1
1.1433445660859722 3.7239211784779727
0 1
0.05716536721575327 5.728705348481271
0 1
2.984875091429299 1.8131215885947507
1 0
5.69422985091109 3.1665975616607285
1 0
5.457852131011888 5.3127335687621855
1 0
0.7845143172459037 2.5097167903241084
0 1
5.958626470006684 1.5141638407746218
0 1
1.886322239150087 1.2790887494285912
0 1
3.83400188023114 2.3921718303627113
1 0
1.9175446888521008 1.5228251269268653
1 0
1.4844391311563683 3.1668462294217936
0 1
4.4236470209955305 0.9517435554600457
0 1
4.472891679135904 3.201796797981949
1 0
5.2266954780396375 2.2204644856719056
0 1
4.980557191520873 0.9369975900047214
0 1
0.3976275188088938 5.668069338366347
0 1
2.821965821809864 0.1581438570849869
0 1
3.9492669861773337 3.9482193416090894
1 0
0.9059669548746894 3.034908073794394
0 1
0.8806072016025825 4.255305964415484
0 1
3.799871036379561 2.9087004976148214
1 0
5.184757962864804 3.29740393190337
1 0
3.513303260951882 3.467046074580963
1 0
3.9613696006332115 3.1824380682989903
1 0
2.817839589755803 0.49858500103712866
0 1
3.3988591298838866 3.87227919369915
1 0
0.8337021300100058 1.7325626813644566
0 1
2.427109243064323 1.445322684915494
0 1
1.0455804236478834 1.3856883580900246
0 1
3.630768869132011 5.78025619065758
1 0
4.922123771126407 1.6417058816202006
0 1
4.294743322761377 4.393194815404783
1 0
2.607013248573098 4.961920082052329
1 0
3.0535932187547368 2.609506425640245
1 0
5.516721549683499 0.8141517381210344
0 1
1.085187444052875 3.9401484277584
0 1
5.0771417359486986 1.8969731826443967
0 1
4.255453900517818 3.5171990506192374
1 0
1.753471257097879 4.6208354180623985
0 1
2.5279041800989566 3.9176787840701284
1 0
0.8037135007716287 2.558799280052514
0 1
5.052482662129347 0.224821934364422
0 1
0.14273783652948846 2.6590756299737848
0 1
0.5768200266997796 2.9990372414607314
0 1
5.0965254042708095 5.730345810168124
1 0
5.279482853542248 4.618869488192549
1 0
2.4597104539369408 3.196980215893933
1 0
3.1179157477151778 3.111995565318964
1 0
3.481487566242091 3.7288341663937015
1 0
0.7418242365366885 4.816109102297472
0 1
0.0820694457583262 2.135829198738642
0 1
4.650746589138814 2.6149744336252305
1 0
1.165956171030152 0.1890370113122628
0 1
2.7352598088551394 5.307578607246846
1 0
1.2374835049418815 5.143338295569239
0 1
2.555578661909478 1.840279609871421
1 0
0.1575565228765332 2.8194951602646636
0 1
3.900300358695865 4.744627942603625
1 0
0.7570238745593594 5.154406053854321
0 1
0.2257054398438798 3.88231647839752
0 1
0.1237644607981423 4.869506109253647
0 1
5.088198010576661 0.1486336717438954
0 1
2.377010001542242 5.008185155936757
1 0
5.939925176480788 1.3621826432509399
0 1
0.46832989407407055 3.1849771684209576
0 1
5.027528268994555 4.956181270158842
1 0
5.938993804329105 1.0140765514543697
0 1
3.9551508919439637 4.086378813404047
1 0
2.5404015833564895 1.5626291076236551
0 1
0.9935656116000842 3.667298571118478
0 1
5.670324143201458 5.463281673952736
1 0
2.82191351892409 3.8177567930953087
1 0
2.7787108634235507 5.62957112323741
1 0
4.695793852316185 5.217535682298737
1 0
5.954879766387023 5.5231096974403044
1 0
5.664338653708671 0.8768950790400931
0 1
3.4716191833262657 1.3251404572170398
0 1
2.524718711322163 1.8663694903441006
1 0
5.173961009577248 0.8343861785638205
0 1
2.4015909928302626 3.42824865627319
1 0
2.7461513292186015 4.502786616361173
1 0
2.806428260844206 2.0903909767779147
1 0
2.102143880209857 2.5078289451416618
1 0
5.921521246893101 2.3985677911072747
0 1
1.0134294440385303 4.756127360346496
0 1
2.6676666626917402 5.482284256984879
1 0
2.7767609624834027 5.028574239206228
1 0
4.975513560181432 2.0370323049404426
0 1
2.3822709069628427 2.244300988507594
1 0
5.440121640716276 3.97358968636439
1 0
2.933438661302026 4.490997702641747
1 0
1.9563988933318106 2.561121113003187
1 0
3.5636051226426977 5.0431766626119785
1 0
5.203733747985531 1.7478715715367745
0 1
5.419019839185921 0.8949919028789124
0 1
2.806779653617223 2.406038939595868
1 0
3.3453445894734353 5.510968704875767
1 0
5.829514337010769 3.400798055011646
1 0
3.005316407825781 2.3831063352811155
1 0
3.2359647826994222 4.495606740963087
1 0
4.096451575858279 0.5703040278348475
0 1
5.339688689964127 5.523222015884264
1 0
5.576278877504434 1.3747799546825505
0 1
3.0268475310320326 4.353606408306524
1 0
0.7976318227136043 5.58979662193865
0 1
3.0740470015799177 3.7874270479337047
1 0
2.666733686230195 2.6583828486535657
1 0
3.641724644929507 0.9600945464442519
0 1
3.7116371198568685 5.267157922392601
1 0
4.559220300067949 2.4327558236462754
1 0
2.6572719366940243 5.273291734633105
1 0
1.9647750772963306 0.5085503357673089
0 1
4.738782381771184 5.747362237074276
1 0
4.329726457043763 1.5270219613650475
0 1
1.8392419528867645 0.1939883917819092
0 1
3.497542382942836 0.08495055055559875
0 1
5.978450704191507 2.9818491408603602
1 0
3.2859137523270325 0.6727482882016385
0 1
2.506453696820776 1.5694753895991211
0 1
4.138517094511052 5.929996539789191
1 0
5.410302490661237 0.16403692398286718
0 1
2.4715782334350584 3.328564471611494
1 0
5.906400113951449 0.5214215642176974
0 1
1.7409669720071361 2.099514848906967
1 0
2.744268092542678 0.9507760051582517
0 1
2.2775661479455405 2.4088001062562023
1 0
5.3337081581469805 2.6792374214520134
1 0
3.564273467445745 3.293477621419405
1 0
2.0815508013388664 3.3199412112654856
1 0
4.060338540381474 5.763808275776289
1 0
4.555908498047982 3.9524711361784854
1 0
3.8304240262413836 4.665898636535992
1 0
3.8076718979755633 3.7499306998696658
1 0
0.15328192057886159 0.8044469530843892
0 1
3.2190197135262033 5.382215664217626
1 0
2.0805854945355433 0.04641501378718371
0 1
3.367086337457268 5.117607389617614
1 0
5.662386588910816 1.2360884175940694
0 1
3.2164168365815824 0.6244128168004994
0 1
2.690127034296501 3.461197834010272
1 0
3.8187056976712137 5.769671167883498
1 0
0.1278081757496985 2.3265150401813317
0 1
0.6303952886748392 5.144036379681231
0 1
3.5978010624219507 4.492652950387959
1 0
2.250839787417606 2.9505074040508736
1 0
5.184658197768077 3.9439990971395535
1 0
0.29396178664155737 5.490540782459576
0 1
0.5625114833153606 1.1237003974146706
0 1
2.573659110495723 0.7315063302291929
0 1
1.332241694381717 1.5328522716683128
1 0
2.7649959634634786 0.7482028452797014
0 1
5.142551433619061 2.4502548837165126
1 0
4.904850462763216 5.837013232145686
1 0
5.089093906071133 1.8215994525828023
0 1
0.8723252738400267 1.6893065249498842
0 1
2.558675713816886 0.39657741218340514
0 1
5.389604107570908 5.646006836528447
1 0
4.019432449672222 1.0104369032478642
0 1
1.62862334784892 3.5778040377235243
0 1
4.348084286891805 0.2718171008297816
0 1
2.9005376635597555 0.9664080376412527
0 1
2.998562814588 3.8068392363913977
1 0
1.1628630711569563 2.6785349281102597
0 1
0.1182258520218249 4.1898948929120055
0 1
4.401192738349962 0.8032555682389504
0 1
5.511916726672795 4.902328484012639
1 0
5.847138600638487 0.08877137511942834
0 1
1.8537102972288833 1.7163846291991007
1 0
2.4850327246661017 2.9114905581602386
1 0
0.3569697169792203 2.1810104903476994
0 1
4.088517521968633 3.2256788995836936
1 0
0.1301921465321103 3.3791775958983816
0 1
0.2813778722007967 5.2588629174881785
0 1
2.296522167847914 3.461857102880585
1 0
4.931734060464031 4.751814313515043
1 0
3.467878986385844 3.8120449659196325
1 0
0.9422882114681721 2.487915598991862
0 1
3.178673876685155 2.372440766595567
1 0
1.317638206687623 2.2477218211609022
0 1
1.7722751326089563 3.5052853325197857
0 1
0.16733240793516835 2.602410276284562
0 1
0.13828488490970137 4.364383086573955
0 1
0.5869318888547721 2.1494494893855363
0 1
4.781271286171605 4.394900008216545
1 0
1.0679954250699875 0.514218828408044
0 1
5.372991550305631 3.2782909932891684
1 0
2.731955268530625 2.5037837260754214
1 0
1.4523573064147954 1.7800945279278244
1 0
5.00814028015998 5.175932425430113
1 0
3.0200371218146422 3.0728181889756097
1 0
3.8882245413583623 3.8548263554033566
1 0
5.40634662828534 4.066528350284565
1 0
4.181706469018424 1.5042158195953912
0 1
3.8865688362380912 3.1279689347686617
1 0
2.3676091595456814 0.17982178394256065
0 1
2.132748732686114 4.519646416519004
1 0
5.2880227321580335 4.616354135911688
1 0
5.687981409309236 1.1860996762445821
0 1
