0.17720184359097457 0.4686430831075872
0 1
3.2119616699359104 0.14949655405012674
0 1
1.6320641309950967 0.8698880082890801
0 1
1.7360943937161113 0.41344948799859216
0 1
3.3264576128643215 1.314300807572557
0 1
1.2908480196624952 0.8166567103625768
0 1
3.875966498673408 3.763804923295225
1 0
2.628646138088914 0.955385839220888
0 1
3.8993334492074436 0.7216404729787924
0 1
0.6047964363384892 2.524426136005449
0 1
3.9383856505540455 0.4641583431851939
0 1
0.44587477409330933 3.3168035005458347
0 1
0.7411909694844918 3.629138798514248
0 1
2.015233558601562 0.023935845677926615
0 1
1.594040491055503 0.1573605040688708
0 1
3.9190686291041263 1.9644846439539116
0 1
3.2952989854061987 2.7548296097567846
1 0
3.3970273804122013 2.3537105070562068
1 0
1.8363053958668831 0.827531879864746
0 1
1.299143543793206 2.9325664812981795
0 1
2.602485696473146 3.2806625014836763
1 0
3.9111296687763155 3.080776150968024
1 0
1.1066142656271976 1.3042384598197523
0 1
3.679919710355792 2.9383985877397767
1 0
0.8496745485002415 2.201577217195984
0 1
2.6990139763936076 1.4945057881470962
0 1
0.5334438468319562 3.802085779897919
0 1
2.586395673704116 1.4275810932157245
0 1
3.773796596669942 3.9504260241339595
1 0
1.4527759114146406 2.7128106478350036
0 1
0.25460747372816295 2.146965853800327
0 1
1.2350170685943032 1.4137988319943506
1 0
3.3076506396029406 0.027464614989528346
0 1
1.339473662804254 0.24358548268860858
0 1
3.265336979934964 2.5210223721139853
1 0
1.668310310401532 3.204052937120039
0 1
1.333333906614698 0.5532840341612077
0 1
0.2463000743943522 3.3520723796029084
0 1
3.9169965788160264 2.4297003339838903
1 0
3.766682085172256 2.0242089823930103
1 0
0.07851006272951233 3.790179233324154
0 1
3.1148905025372446 3.578623621753481
1 0
1.5943226487052242 3.7303845643001683
0 1
2.3866213325100603 2.1915072040220434
1 0
2.5915053735253326 1.7582673864744454
1 0
1.4672505926171584 0.6410215431763886
0 1
0.40073994935996815 0.21885979650555853
0 1
0.6383101986678565 3.6583486485832815
0 1
1.4314006930652132 2.890902930492782
0 1
0.5003020326230074 2.9745129330513684
0 1
0.6907223072760593 3.982666824135552
0 1
3.2235324249686914 3.8878485795100524
1 0
2.2248245844388483 3.1429544777605205
1 0
2.451347468284135 0.5765912704997778
0 1
3.9494014607129224 0.32014223621221394
0 1
2.967132329284432 3.767221127017193
1 0
3.596551555922358 2.1351349124426244
1 0
1.9664678092433006 1.56262144289617
1 0
3.481598403827826 3.5221122773777345
1 0
0.06276683453033272 1.9554407867432584
0 1
1.9309297955419686 0.5245469962829405
0 1
3.4556885515108626 1.33287518572569
0 1
1.4277274922445757 3.2183275570274037
0 1
2.8446079183390514 2.906977849753343
1 0
2.4858234794287832 1.1872033777407118
0 1
1.1157662103154897 0.24858187549085287
0 1
0.46282465657267613 0.971882242979166
0 1
0.6706819567890379 2.5941239731554697
0 1
3.489877049224688 1.8845619899799502
1 0
0.6543191107942552 1.0675848157425532
0 1
0.9069921965309731 3.5086270446707375
0 1
1.5652454544320245 2.3950422719867333
1 0
3.371249296393609 1.349632724432961
0 1
1.7752952843101433 0.17009603921599403
0 1
2.7809250540378803 0.09963694705678616
0 1
3.208444555162201 2.011705451993146
1 0
2.8677742709851337 1.616000403246364
0 1
2.251889859566689 2.0462293999463768
1 0
1.203225761820446 1.3836468660525778
1 0
2.515770023115785 1.0939299567298129
0 1
0.6748460043104876 3.0111647307621587
0 1
2.48012369246689 3.9664279296510867
1 0
2.0734044259119098 1.5163910751115104
1 0
1.1871572465808908 1.9251143551431746
0 1
2.51630113365993 2.35258096580285
1 0
3.381255151775166 3.5262942975296965
1 0
2.368481886719581 1.8839183927953438
1 0
2.688795148580726 0.9658658087379428
0 1
2.8792234250690636 1.0708496623576833
0 1
1.2917888266137845 3.0442843915023308
0 1
0.3210916378068571 1.5400396146124145
0 1
2.536918735447149 3.8586906277633717
1 0
3.953353559538614 1.0199391597832927
0 1
1.2174221854148475 2.5441089108175983
0 1
1.6586203701846278 3.2744718625591673
0 1
2.8938077746572364 1.0360762606639793
0 1
0.48813255739618144 1.072772447775471
0 1
1.193514384490073 3.094492191844497
0 1
3.500601032187433 3.962436562918434
1 0
1.2251179888984285 3.4064304569970973
0 1
3.553334121275903 2.137133183528888
1 0
1.0291646883017744 1.046201482225659
1 0
0.9499411909989037 2.2744350984662436
0 1
3.477174864207336 0.9369061316307383
0 1
3.9645060869311477 1.2939146440202292
0 1
3.335305303288403 3.3334022633893428
1 0
2.3718493002501058 3.354381268856788
1 0
1.2923744007749414 0.7037574866453702
0 1
3.4411971409848054 1.373615637853904
0 1
0.6400311137843713 3.4356444304915286
0 1
2.2158481937202823 1.2310912587606646
0 1
3.4956854945161044 0.4891360616623426
0 1
1.734904366377398 3.6484409161670075
0 1
3.0691868900652755 2.3484428481606408
1 0
1.751488709895324 0.5865397517839801
0 1
3.7342913025021542 2.0889465878076123
1 0
3.5316895632413945 1.2929409536576828
0 1
2.3876080864975457 1.1812828707140506
0 1
0.09264663768991 0.3937358600716814
0 1
0.6808325913880484 3.8971865264788037
0 1
3.4199143661868496 3.9434259019237365
1 0
0.8747230212588173 2.0037333647037503
0 1
2.658940607924626 2.8395051431072122
1 0
3.6145541520203084 2.707502522629867
1 0
0.23094162889299552 2.330425459541661
0 1
3.269536874732594 1.9721040887827201
1 0
2.619074323731074 0.6595941750981318
0 1
0.3674994583195743 3.934359704221349
0 1
3.3931063950811535 2.951260965510409
1 0
2.0142484093520645 3.9534135935742483
1 0
0.0909180267172589 0.7509265742252862
0 1
0.9302183485123718 0.10053069771542544
0 1
1.395973090129249 0.18153516408563108
0 1
3.5774489317212166 3.189738863546212
1 0
1.2882120496022065 1.7083940954137509
0 1
2.5812166206243563 1.186091357099016
0 1
0.9915450707458038 1.496288619548559
0 1
3.8403218992618284 2.100316709991228
1 0
2.7503203150096707 2.994613888418863
1 0
0.5844576969933222 3.9583255642924766
0 1
1.9125985495640472 2.7791819294577347
1 0
2.5157220212619453 2.8158979795143613
1 0
0.9184957694363298 0.14710813237137854
0 1
1.4877225500946096 1.2181805508909025
0 1
2.9234493822376515 3.5771325210540335
1 0
0.04798517267369595 1.376851784419466
0 1
2.639757835681006 0.051336828128115464
0 1
3.2634504319569513 0.7585771303839448
0 1
3.8749004338928352 2.3074246359758086
1 0
1.1784142459036286 0.3389578749727491
0 1
0.2357087836461944 2.9646364221559827
0 1
2.208879507614722 1.630457946100384
1 0
1.6897190322033673 1.9261208716436888
1 0
0.6073583872543238 2.809092527107058
0 1
0.10444661263233312 3.9750316649755097
0 1
0.7316880216167561 0.5703046431227459
0 1
3.347665365961349 3.665015190008725
1 0
3.4427658304450444 1.1115024291537066
0 1
1.0927108636190996 3.6904522211382758
0 1
1.9461891763187746 0.04782974443391108
0 1
2.857728287540705 3.2296763047542285
1 0
0.6460478071898987 0.7242287835843073
0 1
0.8508409174083109 3.43277185546294
0 1
0.25563472151777766 3.0135027468484346
0 1
0.3217635285282925 2.2144387473404916
0 1
2.5319310825453307 0.1485230561479276
0 1
2.188739616511778 3.760605243690265
1 0
1.2361459901649758 0.28707171596597636
0 1
1.662158895976022 0.4769022378590355
0 1
1.0085050660527473 2.801741771964306
0 1
2.8597064941103243 0.09571749030152477
0 1
3.367017482525205 3.87699090824851
1 0
3.534730305015487 0.08830548540079342
0 1
1.629040777404268 1.3172969772895406
1 0
0.09716497508011734 3.321339059537998
0 1
3.6453824862180944 2.393759795732823
1 0
1.6605026787380428 3.0638996739387387
0 1
2.96236605133006 2.5523127613394903
1 0
2.7623944979244697 3.931629382274104
1 0
2.6794413899024176 1.175832189948958
0 1
3.320831547560947 0.3363980888034259
0 1
2.2606015921934977 0.8138715368365288
0 1
3.4657748943959654 2.12587795238139
1 0
0.993427353570072 0.7655945576611023
0 1
1.6110762898217597 3.7388126938985216
0 1
2.6266952994675106 1.3511161117609247
0 1
3.67794342974694 2.890231407138012
1 0
1.4927540285367193 1.978150132144465
1 0
0.6361189140322963 0.9576758123616851
0 1
0.18188009573839192 2.8125983482213766
0 1
3.5398407599022828 2.8170565923275226
1 0
1.3276533385954155 3.1242754269432997
0 1
2.115875761531087 1.8116377752040358
1 0
3.978229647198735 2.774139078336422
1 0
0.6386575087327793 2.041296032074791
0 1
0.9668112090116794 1.7771410834583223
0 1
2.211628133440536 1.4683975173244441
0 1
1.7310984647383933 2.2987114463928795
1 0
1.8242218363697433 1.3370981870184422
0 1
3.1776292053342385 1.858712937840612
1 0
0.20855115022002213 1.0708802775740836
0 1
2.865526113867501 2.440010722477622
1 0
2.6664751852005963 0.3732587533200178
0 1
0.6712784122882183 2.813226280263081
0 1
1.7569094559797964 1.36592364174847
1 0
3.6952534038169307 2.6392958515076734
1 0
1.6874907075482746 1.2014454314049487
0 1
2.132131426566235 2.1062582275758497
1 0
3.505992234168978 3.82766122229342
1 0
3.4482501084291375 0.2694900456476299
0 1
1.209919778160951 2.724398987042424
0 1
2.659038540636689 3.3835697204895405
1 0
1.7002027613532538 0.519387607929918
0 1
1.5162023847084458 0.9304682531266542
0 1
2.874206077602505 2.2251692487299963
1 0
0.5126255257935068 1.5416622400884052
0 1
0.07446764218038116 1.5835595568383765
0 1
2.642743445395127 0.08115085483644124
0 1
2.4644399966445723 3.1778374909498575
1 0
2.562538329570657 2.904106637306616
1 0
0.42145450252964833 1.7878578111816044
0 1
2.21866382807685 0.9694286560443213
0 1
0.216246195895462 2.768770535321605
0 1
0.6952041509996083 1.788942978167134
0 1
0.5622905767171096 2.531473261849723
0 1
3.0314694368902253 1.2092971346277608
0 1
3.8270164661653605 1.6959973941945328
0 1
3.5424721407191133 0.8629248036038288
0 1
2.848616944253056 3.782360878021557
1 0
1.7492574173277733 1.2181206207070718
0 1
1.9471712214713426 1.1072634031979631
0 1
3.6049689197583343 1.495884010899069
0 1
1.8604430004052044 3.514733101838759
0 1
2.2081728702265457 2.4067843128138597
1 0
0.09574273488949858 1.2762722044732855
0 1
3.6410031531456357 2.8933200925376683
1 0
2.748613220062024 2.3438972141653576
1 0
2.1435706395567338 1.9924392818498116
1 0
3.9212247199845325 3.4638901244125226
1 0
1.3126684250493774 2.3929192197883697
0 1
1.9432296208067 3.834658522321246
0 1
3.59201267489795 1.4025157527779775
0 1
1.5528526788001193 0.7915627536509442
0 1
0.750875781194297 3.315544408995824
0 1
2.794950441699165 0.2449387942115573
0 1
3.869525341775215 3.9388869399758066
1 0
0.39733501663066884 0.005050899250143015
0 1
2.8572402291787653 0.1692084023692173
0 1
2.2276020677873087 0.2502149468468482
0 1
2.0181791846911534 1.2339958962881425
0 1
1.0978384931821417 3.298744117939471
0 1
2.6518733108036603 2.706720717353589
1 0
2.170122076955293 2.324218974010835
1 0
0.520062055934829 1.3531166902672531
0 1
3.91696404932547 0.29382858609807005
0 1
3.444622267235519 2.740068614074956
1 0
0.3690366115886916 2.445029351875654
0 1
0.2845314693518395 3.902456513269423
0 1
3.29191940267605 1.51210706842512
0 1
1.84378368354706 1.6305611686932622
1 0
0.17023111282180636 0.06402201357004866
0 1
2.1097861451650877 2.040307870806608
1 0
2.0392897523725058 2.703231636472227
1 0
1.8892613349489618 3.8189779148323395
0 1
0.1301898609656682 3.0256159495187562
0 1
2.756826014849822 0.18424284073706065
0 1
3.4080506654483456 3.8715353046540897
1 0
3.433114738807664 3.7669855272442914
1 0
1.2135160263141844 2.99214766434637
0 1
2.3444171666740212 3.9797943787128345
1 0
3.3425596569652956 1.0803991701910514
0 1
3.6179673609420657 3.6352346086683758
1 0
0.2835330498329989 0.8143702585320103
0 1
2.760807982366664 3.5641943477827045
1 0
3.257804851994155 2.601409923309982
1 0
2.9764096549651575 1.9176548720360547
1 0
3.584071907577014 0.6282990620055129
0 1
0.2496552307153439 1.149234263998633
0 1
2.966391693488535 0.20755221149968017
0 1
3.864037625003896 2.1146047274494535
1 0
3.5901476030657196 1.80394726969135
0 1
3.4957924437096914 0.3339296295394436
0 1
3.7503859238755486 0.20843230546630487
0 1
2.426934402291628 2.878902038885213
1 0
3.084235678390939 0.7308844622796693
0 1
0.33981335626067466 3.4372885130112167
0 1
0.8765402795858881 1.7649089295840072
0 1
0.7336029478153359 1.701022471646573
0 1
2.7757402766757857 3.2837761235125207
1 0
1.9429022776551825 2.923234687857988
1 0
2.5950735614345595 2.8067031996771736
1 0
2.186594128212281 3.0303138073485916
1 0
2.36289240794732 1.6122798213203375
1 0
3.8579240792716987 3.5424561189359083
1 0
0.6104971549857381 1.912991909267482
0 1
3.3281883836624955 2.3518873104031726
1 0
3.361394465551817 0.2110497728411822
0 1
0.6055704990027357 0.39439818565172136
0 1
3.8619422780264765 2.109507244329658
1 0
2.2708201413049043 3.0656167640295813
1 0
2.9749091549108813 3.011494007199651
1 0
1.8979584559597202 0.9781131452755862
0 1
3.3435413267483027 3.005980936538255
1 0
2.0293344600240855 0.1479684141313049
0 1
1.8201410253257801 3.1621489206925584
1 0
3.624128496078325 2.4732187725658505
1 0
1.9265816211675348 1.6948428924293837
1 0
2.4450050888782258 1.5049992345348344
0 1
0.7262483142528087 3.4152165055926718
0 1
1.3291630751164463 1.7400445733037824
1 0
0.9542227616167995 0.9587478832950787
0 1
1.620507713567961 3.358002015484239
0 1
2.438530887151815 0.7347048235017457
0 1
2.088432987582508 3.006633330430477
1 0
0.8877745007170073 0.31734911526830034
0 1
1.9733911147921814 3.167639878538801
1 0
0.43402901299463537 0.4134314543905311
0 1
1.7751264502684885 2.053647597261975
1 0
3.9353103324359044 2.2499240688341295
1 0
1.8236025771527364 3.096878769161938
1 0
2.1731645130383006 2.670306686443587
1 0
1.2605354473734462 2.5686344102286194
0 1
2.2047657405577987 2.2154209619101173
1 0
2.4279199455117184 2.035221127152131
1 0
1.7149280750518554 1.526696059833621
1 0
3.103997607714798 1.9479996609933128
1 0
0.3081694984427972 0.07965733569198186
0 1
3.1145726371690112 1.012038461599289
0 1
1.5802746923858186 2.837505349306599
0 1
1.2370493090275758 0.479878484397382
0 1
0.04812317741625938 3.4668101526879145
0 1
3.773051032171664 0.28810749135718305
0 1
3.222179241778965 3.4468084101528187
1 0
0.9677517891450531 2.0007157914604146
0 1
3.1527656312931804 2.6887215456729145
1 0
0.9763287703807015 2.876811662435823
0 1
1.8759345347266563 2.4128097465219414
1 0
1.7774233187043285 2.2389761238362804
1 0
0.2622398407000519 2.5549862131418526
0 1
2.6329977042417263 0.9319082208399889
0 1
2.904529907007768 3.6781870522172304
1 0
1.775432186422099 0.922127472013929
0 1
2.3273079762974804 2.4094747879654186
1 0
1.0493005802589583 2.129074623982022
0 1
0.18301876476626555 0.45165353051771673
0 1
3.8306320545112826 3.0819217679694577
1 0
0.4609901969904713 2.442488955791933
0 1
3.562338985321987 0.9469006934841793
0 1
1.6411611116225697 2.2268319033008024
1 0
1.6823100873540784 3.3244736999726854
0 1
2.0871850786933304 3.4275229294084704
1 0
2.228195128132167 1.186477988384091
0 1
1.2473858408214986 0.45662704256418474
0 1
2.159731387080321 3.883793005368281
1 0
3.2652463735202866 2.3200617790295897
1 0
2.6633765915050254 1.2339020727774344
0 1
2.3600475111266217 2.741302196832482
1 0
2.741246294374229 3.5953254420768834
1 0
0.08887600789629468 3.886400221434999
0 1
2.2464866802708334 2.3301843732634153
1 0
3.7057884178143268 2.0154241416162195
1 0
1.8500816692774649 2.1658696042835115
1 0
0.12799294351959967 2.140323651502097
0 1
0.8052585526674307 1.7679614611849233
0 1
2.057069841071103 2.8889946254770793
1 0
0.17599743237256593 0.19009604102152844
0 1
2.843535795534093 2.244630224511743
1 0
2.7519875888453367 0.3619817906096068
0 1
1.3798612481373063 0.5058263146370621
0 1
1.6533924581093493 1.4305545670074644
1 0
2.200100104798179 1.6455923532347003
1 0
1.1825761962946966 2.075674265440925
0 1
0.9730475398349276 1.5460054044622793
0 1
3.080956396757889 2.287838728541221
1 0
1.7315867162396423 1.7495905189027963
1 0
2.210264625392233 0.5372908492940374
0 1
2.571619530800195 0.42481928724641094
0 1
0.006697650225305107 2.17286803917215
0 1
0.9393029785902645 0.8114251189603126
0 1
3.9291391705711116 2.6983019916048403
1 0
3.934084792604107 1.8504286034128916
0 1
0.11857121242193047 2.1044124209089197
0 1
0.7360315350817963 2.397043187695336
0 1
0.6260806694385104 0.09038458484231882
0 1
0.41533215860750383 3.7559045958024297
0 1
0.8909432973881173 3.4417587478390956
0 1
0.4675167245905927 1.8042538189348347
0 1
0.9175362711343742 1.2962903953975369
0 1
0.8636170151023417 3.7618500635067336
0 1
2.0627687501708145 3.2372884854635102
1 0
1.2863374778223 3.2376499221930497
0 1
0.8164177633671197 3.4802529143435317
0 1
2.6420167183872407 0.8124951149709125
0 1
3.1885431291071065 0.42067898579175367
0 1
3.5595821523549 3.2614505071651956
1 0
3.2406112265986016 2.273257995662689
1 0
2.249889852669464 3.807967315739095
1 0
0.3154036499603645 2.6022273726393537
0 1
0.4717228322014577 1.9588197597872292
0 1
3.1071197549276866 0.48348775391385246
0 1
3.087008925571737 3.543011045191933
1 0
2.6760087736148646 0.6729175731795443
0 1
2.7474676177209902 3.915545521407226
1 0
0.34096885869132176 0.23298278799326821
0 1
1.0073845864712854 3.7146290162471893
0 1
3.385373677742729 2.915247280432808
1 0
3.9716768065182584 1.708614353539918
0 1
2.2662043078876546 2.622097741021732
1 0
2.2945679173978135 2.2247126060715106
1 0
0.9001496580130199 2.2010594666943106
0 1
2.8626854048640555 0.39286716765311347
0 1
0.4037031572851233 3.3468671092266478
0 1
0.21987890533658794 3.7780662561132203
0 1
2.951377647325076 0.10817170612467208
0 1
2.8203236892290047 3.317207111420996
1 0
0.7222906790407508 1.2657425706233307
0 1
0.5331205599827036 3.600154456181837
0 1
1.9923269800227228 3.0599899019767554
1 0
3.841409160860042 3.948173889318495
1 0
1.5444285388413648 1.9385136849906641
1 0
3.5657580002579543 0.6524698423721502
0 1
3.5101297892774337 2.066289565212489
1 0
2.0253421530585305 0.14543248929843422
0 1
1.9353544242007827 0.6495619282336857
0 1
3.781868069685823 0.5383747982295999
0 1
3.8572249819548965 3.1884529549331684
1 0
0.5254297199411222 3.7301755347841303
0 1
0.3930505613488191 2.893065385168774
0 1
1.110724338221463 2.3738812806449485
0 1
0.20122112127226588 3.0054230435124496
0 1
0.43054291503744224 2.638482396159633
0 1
2.0231807137782765 0.8223109327128681
0 1
1.8702352443408925 3.347731477500982
1 0
1.9998231817467182 1.5668640529732123
1 0
1.4741863942524693 3.1892556987583522
0 1
1.0913983155534166 0.1569392710716624
0 1
2.404046954459376 0.11160109191106615
0 1
0.5420598706861277 0.6158845524996206
0 1
1.5930840085580695 3.4454576319837984
0 1
0.28427710828027575 0.9676956587765444
0 1
2.5789332290367533 2.7617275424887846
1 0
1.4645992398324932 1.3531151182011816
1 0
1.8599535706707044 2.8025315195706066
1 0
0.8284058987661003 1.3859193112754844
0 1
0.15130173825250148 2.457854714137617
0 1
0.1398191006529408 0.617881748935305
0 1
0.37963107756707304 0.8895357662652152
0 1
3.586786462883339 3.9734671424311556
1 0
0.10445084689055895 0.18486951734604018
0 1
2.381431116060574 1.3747192352159376
0 1
0.030528614646821328 0.4323131908281064
0 1
1.1744863882379764 0.6267759739578236
0 1
3.280971606542033 3.417641949956143
1 0
3.312936331831503 0.05668404483755296
0 1
0.4070316211649332 1.725849719256916
0 1
2.951841113612872 0.362720549304711
0 1
0.7005214348947888 2.974011604464339
0 1
1.6398460425588555 3.258995285161868
0 1
1.909560094080351 2.1219919024836056
1 0
2.0238814436533272 0.20309477584057456
0 1
2.098803550501418 2.0983411507402483
1 0
1.8927552521216602 1.0019268792701936
0 1
1.0980963760236127 3.9958599137285242
0 1
2.095750886288395 2.231786975064368
1 0
1.20502007486947 1.4826792759936498
0 1
3.2214430122347997 2.2995341099369857
1 0
2.9614311794227337 2.1600717677998853
1 0
1.8019694353666558 1.9178272841257722
1 0
2.452651806977643 3.4004909811649893
1 0
0.11438803048808444 0.09034901156029473
0 1
0.870072141263738 1.3090561858332292
0 1
0.012689221172171194 3.0748207538796097
0 1
1.3547113873472276 0.7526997333468022
0 1
2.928063615151243 3.312762516081911
1 0
3.7756660777019495 2.1742809406861503
1 0
2.824870064054782 2.553314454555068
1 0
0.6715185177873528 3.235306388340655
0 1
1.6151563861766514 0.7796865414563867
0 1
0.8909641927360994 1.3151910740927018
0 1
3.1899601346641786 3.366026294211233
1 0
0.6925932239856705 1.738390241398927
0 1
0.417767971505 0.5267416572931425
0 1
1.8979631803299957 1.5637597059110973
1 0
3.18935414031306 2.213226552037927
1 0
1.413070398210241 0.8594858201082336
0 1
1.7153167882210236 1.7414786782880594
1 0
1.9384066097364046 0.076635066186586
0 1
0.6335762135412768 0.9107837044068154
0 1
0.31781786794760203 1.7302508215976604
0 1
2.3462513623814316 1.071677247924971
0 1
0.007550878838712638 3.120460480360087
0 1
1.9650946165059056 1.4301390839876573
1 0
0.45269341087872084 0.2103883052367097
0 1
2.3063569664213768 3.6455678200903905
1 0
0.3102735990518748 1.0173440603375452
0 1
1.1970735749582793 1.0507383641802912
0 1
0.9709702114398002 0.35855637523923045
0 1
0.5217137446363465 3.54427801338368
0 1
2.181430749897131 3.5252857911609436
1 0
2.7256272001589004 3.8195821424796192
1 0
